0 0 1
0 1 0
0 2 1
0 3 1
0 4 0
0 5 1
0 6 0
0 7 1
0 8 0
0 9 0
0 10 1
0 11 0
0 12 0
0 13 1
0 14 0
0 15 0
0 16 0
0 17 1
0 18 1
0 19 0
0 20 0
0 21 1
0 22 1
0 23 0
0 24 0
0 25 1
0 26 1
0 27 0
0 28 1
0 29 0
0 30 0
0 31 1
0 32 0
0 33 1
0 34 1
0 35 0
0 36 0
0 37 1
0 38 0
0 39 0
0 40 0
0 41 1
0 42 0
0 43 1
0 44 0
0 45 1
0 46 0
0 47 1
0 48 0
0 49 0
0 50 0
0 51 0
0 52 0
0 53 0
0 54 1
0 55 0
0 56 0
0 57 0
0 58 0
0 59 0
0 60 0
0 61 0
0 62 1
0 63 0
0 64 0
0 65 0
0 66 0
0 67 0
0 68 0
0 69 1
0 70 0
0 71 0
0 72 1
0 73 0
0 74 0
0 75 1
0 76 0
0 77 0
0 78 1
0 79 0
0 80 0
0 81 1
0 82 0
0 83 0
0 84 0
0 85 1
0 86 0
0 87 0
0 88 1
0 89 1
0 90 0
0 91 0
0 92 0
0 93 0
0 94 1
0 95 0
0 96 0
0 97 0
0 98 1
0 99 1
0 100 0
1 0 1
1 1 0
1 2 0
1 3 0
1 4 1
1 5 0
1 6 1
1 7 0
1 8 1
1 9 0
1 10 0
1 11 1
1 12 0
1 13 0
1 14 1
1 15 1
1 16 0
1 17 1
1 18 0
1 19 1
1 20 1
1 21 0
1 22 0
1 23 1
1 24 1
1 25 1
1 26 1
1 27 0
1 28 0
1 29 1
1 30 1
1 31 1
1 32 0
1 33 1
1 34 0
1 35 0
1 36 1
1 37 0
1 38 0
1 39 0
1 40 0
1 41 1
1 42 0
1 43 1
1 44 0
1 45 1
1 46 0
1 47 0
1 48 0
1 49 0
1 50 1
1 51 1
1 52 1
1 53 0
1 54 0
1 55 1
1 56 1
1 57 0
1 58 1
1 59 0
1 60 1
1 61 0
1 62 0
1 63 1
1 64 0
1 65 0
1 66 0
1 67 0
1 68 0
1 69 0
1 70 1
1 71 0
1 72 0
1 73 1
1 74 1
1 75 0
1 76 0
1 77 1
1 78 0
1 79 0
1 80 1
1 81 0
1 82 0
1 83 0
1 84 1
1 85 1
1 86 0
1 87 1
1 88 0
1 89 0
1 90 0
1 91 0
1 92 0
1 93 0
1 94 1
1 95 1
1 96 0
1 97 0
1 98 0
1 99 1
1 100 0
2 0 1
2 1 0
2 2 1
2 3 0
2 4 0
2 5 1
2 6 1
2 7 1
2 8 0
2 9 0
2 10 1
2 11 0
2 12 0
2 13 0
2 14 0
2 15 0
2 16 0
2 17 1
2 18 0
2 19 0
2 20 0
2 21 1
2 22 0
2 23 1
2 24 0
2 25 0
2 26 0
2 27 0
2 28 1
2 29 0
2 30 0
2 31 0
2 32 0
2 33 1
2 34 0
2 35 0
2 36 1
2 37 1
2 38 0
2 39 0
2 40 0
2 41 1
2 42 1
2 43 0
2 44 0
2 45 1
2 46 0
2 47 0
2 48 0
2 49 1
2 50 1
2 51 0
2 52 1
2 53 0
2 54 0
2 55 0
2 56 1
2 57 0
2 58 1
2 59 1
2 60 0
2 61 1
2 62 0
2 63 0
2 64 1
2 65 0
2 66 0
2 67 1
2 68 0
2 69 1
2 70 1
2 71 0
2 72 1
2 73 0
2 74 0
2 75 0
2 76 1
2 77 0
2 78 0
2 79 0
2 80 0
2 81 1
2 82 0
2 83 1
2 84 0
2 85 1
2 86 0
2 87 0
2 88 0
2 89 0
2 90 0
2 91 1
2 92 1
2 93 0
2 94 0
2 95 0
2 96 1
2 97 0
2 98 0
2 99 0
2 100 0
3 0 0
3 1 1
3 2 0
3 3 0
3 4 1
3 5 1
3 6 0
3 7 0
3 8 1
3 9 0
3 10 0
3 11 0
3 12 0
3 13 1
3 14 1
3 15 1
3 16 0
3 17 0
3 18 1
3 19 0
3 20 0
3 21 0
3 22 1
3 23 0
3 24 1
3 25 0
3 26 1
3 27 0
3 28 0
3 29 1
3 30 0
3 31 0
3 32 0
3 33 0
3 34 1
3 35 0
3 36 1
3 37 1
3 38 0
3 39 0
3 40 1
3 41 0
3 42 1
3 43 0
3 44 0
3 45 1
3 46 1
3 47 0
3 48 0
3 49 0
3 50 1
3 51 0
3 52 1
3 53 1
3 54 1
3 55 0
3 56 1
3 57 1
3 58 1
3 59 1
3 60 0
3 61 0
3 62 1
3 63 0
3 64 1
3 65 1
3 66 0
3 67 0
3 68 1
3 69 0
3 70 1
3 71 1
3 72 0
3 73 0
3 74 0
3 75 0
3 76 0
3 77 1
3 78 0
3 79 0
3 80 0
3 81 1
3 82 0
3 83 0
3 84 0
3 85 0
3 86 1
3 87 1
3 88 0
3 89 0
3 90 1
3 91 0
3 92 1
3 93 0
3 94 0
3 95 0
3 96 1
3 97 0
3 98 0
3 99 1
3 100 0
4 0 1
4 1 1
4 2 1
4 3 0
4 4 0
4 5 1
4 6 0
4 7 0
4 8 0
4 9 0
4 10 0
4 11 0
4 12 0
4 13 1
4 14 0
4 15 1
4 16 0
4 17 0
4 18 0
4 19 1
4 20 0
4 21 0
4 22 0
4 23 1
4 24 1
4 25 0
4 26 0
4 27 0
4 28 0
4 29 0
4 30 0
4 31 0
4 32 0
4 33 0
4 34 0
4 35 1
4 36 0
4 37 0
4 38 1
4 39 0
4 40 1
4 41 0
4 42 1
4 43 1
4 44 1
4 45 0
4 46 1
4 47 0
4 48 0
4 49 0
4 50 0
4 51 0
4 52 1
4 53 0
4 54 0
4 55 0
4 56 0
4 57 1
4 58 0
4 59 0
4 60 1
4 61 1
4 62 0
4 63 0
4 64 0
4 65 0
4 66 1
4 67 0
4 68 0
4 69 1
4 70 0
4 71 0
4 72 0
4 73 1
4 74 0
4 75 1
4 76 1
4 77 0
4 78 0
4 79 1
4 80 1
4 81 0
4 82 0
4 83 0
4 84 0
4 85 0
4 86 0
4 87 1
4 88 0
4 89 0
4 90 0
4 91 1
4 92 0
4 93 0
4 94 0
4 95 0
4 96 1
4 97 0
4 98 1
4 99 0
4 100 1
5 0 1
5 1 0
5 2 1
5 3 1
5 4 1
5 5 0
5 6 1
5 7 0
5 8 1
5 9 0
5 10 0
5 11 0
5 12 1
5 13 0
5 14 0
5 15 0
5 16 1
5 17 0
5 18 0
5 19 0
5 20 0
5 21 0
5 22 0
5 23 0
5 24 1
5 25 0
5 26 0
5 27 1
5 28 0
5 29 0
5 30 1
5 31 0
5 32 0
5 33 0
5 34 0
5 35 0
5 36 0
5 37 1
5 38 0
5 39 1
5 40 0
5 41 0
5 42 0
5 43 0
5 44 0
5 45 1
5 46 0
5 47 1
5 48 0
5 49 0
5 50 1
5 51 0
5 52 0
5 53 0
5 54 1
5 55 0
5 56 1
5 57 0
5 58 0
5 59 0
5 60 1
5 61 0
5 62 1
5 63 1
5 64 0
5 65 0
5 66 1
5 67 1
5 68 0
5 69 1
5 70 0
5 71 0
5 72 0
5 73 0
5 74 0
5 75 0
5 76 0
5 77 0
5 78 0
5 79 0
5 80 0
5 81 0
5 82 0
5 83 0
5 84 0
5 85 0
5 86 0
5 87 1
5 88 1
5 89 0
5 90 1
5 91 0
5 92 0
5 93 0
5 94 0
5 95 0
5 96 1
5 97 1
5 98 1
5 99 1
5 100 0
6 0 0
6 1 1
6 2 0
6 3 0
6 4 0
6 5 0
6 6 0
6 7 0
6 8 0
6 9 1
6 10 0
6 11 1
6 12 0
6 13 0
6 14 0
6 15 1
6 16 0
6 17 0
6 18 0
6 19 0
6 20 1
6 21 0
6 22 0
6 23 1
6 24 1
6 25 1
6 26 0
6 27 0
6 28 1
6 29 0
6 30 0
6 31 1
6 32 0
6 33 1
6 34 1
6 35 0
6 36 1
6 37 0
6 38 1
6 39 0
6 40 0
6 41 1
6 42 1
6 43 0
6 44 1
6 45 0
6 46 0
6 47 0
6 48 0
6 49 0
6 50 0
6 51 1
6 52 0
6 53 1
6 54 0
6 55 1
6 56 0
6 57 0
6 58 0
6 59 1
6 60 1
6 61 1
6 62 0
6 63 0
6 64 1
6 65 0
6 66 0
6 67 1
6 68 1
6 69 1
6 70 0
6 71 0
6 72 0
6 73 0
6 74 0
6 75 1
6 76 1
6 77 0
6 78 0
6 79 0
6 80 0
6 81 1
6 82 0
6 83 0
6 84 0
6 85 1
6 86 1
6 87 0
6 88 0
6 89 1
6 90 1
6 91 0
6 92 0
6 93 1
6 94 1
6 95 0
6 96 0
6 97 1
6 98 1
6 99 0
6 100 1
7 0 0
7 1 0
7 2 0
7 3 0
7 4 1
7 5 0
7 6 0
7 7 1
7 8 1
7 9 1
7 10 0
7 11 0
7 12 0
7 13 0
7 14 0
7 15 1
7 16 0
7 17 0
7 18 1
7 19 0
7 20 1
7 21 0
7 22 0
7 23 0
7 24 1
7 25 1
7 26 0
7 27 0
7 28 1
7 29 1
7 30 1
7 31 0
7 32 0
7 33 0
7 34 0
7 35 0
7 36 0
7 37 0
7 38 0
7 39 0
7 40 1
7 41 0
7 42 0
7 43 0
7 44 1
7 45 0
7 46 0
7 47 0
7 48 1
7 49 1
7 50 1
7 51 1
7 52 1
7 53 1
7 54 1
7 55 0
7 56 0
7 57 0
7 58 0
7 59 0
7 60 1
7 61 0
7 62 0
7 63 0
7 64 0
7 65 1
7 66 0
7 67 0
7 68 0
7 69 1
7 70 1
7 71 0
7 72 0
7 73 1
7 74 1
7 75 1
7 76 1
7 77 0
7 78 0
7 79 1
7 80 0
7 81 1
7 82 1
7 83 0
7 84 1
7 85 0
7 86 1
7 87 0
7 88 1
7 89 1
7 90 0
7 91 0
7 92 1
7 93 0
7 94 1
7 95 1
7 96 0
7 97 1
7 98 1
7 99 0
7 100 0
8 0 1
8 1 0
8 2 0
8 3 0
8 4 1
8 5 1
8 6 0
8 7 0
8 8 0
8 9 1
8 10 0
8 11 0
8 12 1
8 13 0
8 14 0
8 15 0
8 16 1
8 17 0
8 18 0
8 19 0
8 20 0
8 21 0
8 22 1
8 23 0
8 24 1
8 25 0
8 26 0
8 27 1
8 28 1
8 29 0
8 30 0
8 31 0
8 32 0
8 33 0
8 34 0
8 35 0
8 36 0
8 37 0
8 38 1
8 39 0
8 40 0
8 41 0
8 42 1
8 43 0
8 44 1
8 45 0
8 46 0
8 47 1
8 48 0
8 49 1
8 50 1
8 51 0
8 52 1
8 53 0
8 54 0
8 55 1
8 56 0
8 57 1
8 58 0
8 59 0
8 60 1
8 61 0
8 62 0
8 63 0
8 64 0
8 65 1
8 66 1
8 67 1
8 68 0
8 69 0
8 70 0
8 71 1
8 72 1
8 73 1
8 74 1
8 75 0
8 76 1
8 77 0
8 78 1
8 79 1
8 80 0
8 81 1
8 82 1
8 83 0
8 84 0
8 85 0
8 86 1
8 87 0
8 88 0
8 89 0
8 90 0
8 91 0
8 92 0
8 93 1
8 94 0
8 95 0
8 96 1
8 97 0
8 98 1
8 99 0
8 100 0
9 0 0
9 1 0
9 2 1
9 3 1
9 4 0
9 5 1
9 6 0
9 7 0
9 8 0
9 9 0
9 10 0
9 11 0
9 12 0
9 13 1
9 14 1
9 15 1
9 16 0
9 17 0
9 18 0
9 19 1
9 20 0
9 21 0
9 22 0
9 23 0
9 24 0
9 25 1
9 26 1
9 27 0
9 28 1
9 29 1
9 30 0
9 31 0
9 32 0
9 33 1
9 34 0
9 35 0
9 36 1
9 37 0
9 38 1
9 39 0
9 40 1
9 41 1
9 42 1
9 43 0
9 44 0
9 45 0
9 46 0
9 47 1
9 48 0
9 49 0
9 50 0
9 51 0
9 52 0
9 53 0
9 54 1
9 55 1
9 56 0
9 57 0
9 58 0
9 59 0
9 60 0
9 61 1
9 62 0
9 63 1
9 64 0
9 65 0
9 66 0
9 67 0
9 68 1
9 69 1
9 70 0
9 71 0
9 72 1
9 73 0
9 74 0
9 75 1
9 76 1
9 77 0
9 78 0
9 79 1
9 80 1
9 81 0
9 82 0
9 83 0
9 84 1
9 85 0
9 86 0
9 87 0
9 88 1
9 89 0
9 90 0
9 91 1
9 92 0
9 93 1
9 94 0
9 95 0
9 96 0
9 97 0
9 98 0
9 99 0
9 100 0
10 0 0
10 1 1
10 2 0
10 3 0
10 4 1
10 5 0
10 6 0
10 7 1
10 8 0
10 9 0
10 10 0
10 11 0
10 12 1
10 13 0
10 14 1
10 15 0
10 16 1
10 17 0
10 18 0
10 19 0
10 20 0
10 21 0
10 22 0
10 23 1
10 24 1
10 25 0
10 26 1
10 27 1
10 28 1
10 29 1
10 30 0
10 31 0
10 32 0
10 33 0
10 34 1
10 35 1
10 36 1
10 37 1
10 38 0
10 39 0
10 40 0
10 41 1
10 42 0
10 43 1
10 44 0
10 45 1
10 46 0
10 47 0
10 48 1
10 49 0
10 50 0
10 51 1
10 52 0
10 53 0
10 54 0
10 55 1
10 56 1
10 57 1
10 58 0
10 59 0
10 60 0
10 61 0
10 62 1
10 63 0
10 64 1
10 65 0
10 66 0
10 67 1
10 68 0
10 69 1
10 70 1
10 71 1
10 72 0
10 73 0
10 74 0
10 75 0
10 76 0
10 77 1
10 78 1
10 79 1
10 80 0
10 81 0
10 82 0
10 83 0
10 84 0
10 85 0
10 86 0
10 87 0
10 88 1
10 89 1
10 90 1
10 91 0
10 92 0
10 93 0
10 94 1
10 95 1
10 96 0
10 97 1
10 98 0
10 99 0
10 100 1
11 0 1
11 1 0
11 2 1
11 3 0
11 4 1
11 5 1
11 6 0
11 7 1
11 8 0
11 9 0
11 10 1
11 11 0
11 12 1
11 13 1
11 14 0
11 15 0
11 16 0
11 17 1
11 18 1
11 19 0
11 20 0
11 21 1
11 22 0
11 23 1
11 24 0
11 25 0
11 26 0
11 27 0
11 28 0
11 29 0
11 30 1
11 31 0
11 32 1
11 33 0
11 34 1
11 35 1
11 36 0
11 37 0
11 38 0
11 39 1
11 40 0
11 41 1
11 42 1
11 43 0
11 44 0
11 45 1
11 46 0
11 47 0
11 48 0
11 49 0
11 50 1
11 51 0
11 52 1
11 53 0
11 54 1
11 55 0
11 56 1
11 57 0
11 58 1
11 59 0
11 60 0
11 61 0
11 62 0
11 63 0
11 64 0
11 65 1
11 66 0
11 67 0
11 68 0
11 69 0
11 70 1
11 71 0
11 72 0
11 73 0
11 74 0
11 75 0
11 76 1
11 77 0
11 78 0
11 79 1
11 80 0
11 81 0
11 82 1
11 83 1
11 84 0
11 85 0
11 86 0
11 87 0
11 88 0
11 89 0
11 90 0
11 91 0
11 92 0
11 93 1
11 94 0
11 95 0
11 96 1
11 97 1
11 98 1
11 99 0
11 100 0
12 0 0
12 1 0
12 2 0
12 3 0
12 4 1
12 5 0
12 6 0
12 7 1
12 8 1
12 9 0
12 10 0
12 11 0
12 12 0
12 13 0
12 14 0
12 15 1
12 16 0
12 17 0
12 18 0
12 19 1
12 20 0
12 21 0
12 22 0
12 23 1
12 24 0
12 25 1
12 26 1
12 27 0
12 28 0
12 29 1
12 30 1
12 31 0
12 32 1
12 33 0
12 34 1
12 35 1
12 36 1
12 37 0
12 38 0
12 39 0
12 40 0
12 41 1
12 42 0
12 43 0
12 44 0
12 45 0
12 46 0
12 47 0
12 48 0
12 49 1
12 50 1
12 51 1
12 52 1
12 53 0
12 54 0
12 55 0
12 56 1
12 57 1
12 58 1
12 59 0
12 60 0
12 61 1
12 62 1
12 63 0
12 64 0
12 65 1
12 66 0
12 67 1
12 68 0
12 69 0
12 70 0
12 71 1
12 72 0
12 73 1
12 74 1
12 75 1
12 76 0
12 77 0
12 78 1
12 79 1
12 80 0
12 81 1
12 82 0
12 83 1
12 84 0
12 85 1
12 86 0
12 87 0
12 88 1
12 89 1
12 90 1
12 91 0
12 92 0
12 93 0
12 94 1
12 95 0
12 96 0
12 97 0
12 98 0
12 99 0
12 100 0
13 0 1
13 1 0
13 2 1
13 3 0
13 4 0
13 5 0
13 6 1
13 7 0
13 8 0
13 9 0
13 10 1
13 11 0
13 12 1
13 13 0
13 14 1
13 15 0
13 16 1
13 17 1
13 18 0
13 19 0
13 20 1
13 21 0
13 22 1
13 23 0
13 24 0
13 25 1
13 26 0
13 27 1
13 28 1
13 29 1
13 30 0
13 31 0
13 32 0
13 33 0
13 34 1
13 35 0
13 36 0
13 37 0
13 38 0
13 39 1
13 40 0
13 41 1
13 42 1
13 43 0
13 44 0
13 45 0
13 46 0
13 47 0
13 48 0
13 49 0
13 50 0
13 51 0
13 52 0
13 53 0
13 54 1
13 55 0
13 56 0
13 57 0
13 58 0
13 59 0
13 60 1
13 61 1
13 62 1
13 63 0
13 64 0
13 65 0
13 66 0
13 67 1
13 68 1
13 69 0
13 70 1
13 71 1
13 72 1
13 73 1
13 74 1
13 75 0
13 76 0
13 77 0
13 78 1
13 79 0
13 80 0
13 81 0
13 82 0
13 83 1
13 84 0
13 85 1
13 86 0
13 87 0
13 88 1
13 89 0
13 90 0
13 91 0
13 92 0
13 93 0
13 94 1
13 95 0
13 96 0
13 97 0
13 98 0
13 99 1
13 100 0
14 0 0
14 1 0
14 2 0
14 3 0
14 4 1
14 5 0
14 6 1
14 7 0
14 8 1
14 9 0
14 10 0
14 11 0
14 12 1
14 13 1
14 14 0
14 15 1
14 16 0
14 17 0
14 18 1
14 19 1
14 20 0
14 21 0
14 22 0
14 23 0
14 24 1
14 25 0
14 26 1
14 27 0
14 28 0
14 29 0
14 30 1
14 31 0
14 32 0
14 33 1
14 34 1
14 35 0
14 36 0
14 37 1
14 38 1
14 39 0
14 40 0
14 41 1
14 42 0
14 43 1
14 44 0
14 45 0
14 46 0
14 47 0
14 48 1
14 49 0
14 50 0
14 51 0
14 52 1
14 53 0
14 54 0
14 55 1
14 56 1
14 57 1
14 58 0
14 59 1
14 60 1
14 61 0
14 62 0
14 63 0
14 64 0
14 65 1
14 66 1
14 67 0
14 68 1
14 69 0
14 70 1
14 71 1
14 72 1
14 73 0
14 74 0
14 75 0
14 76 0
14 77 1
14 78 1
14 79 0
14 80 0
14 81 1
14 82 0
14 83 0
14 84 0
14 85 0
14 86 1
14 87 0
14 88 0
14 89 0
14 90 0
14 91 1
14 92 1
14 93 0
14 94 0
14 95 1
14 96 0
14 97 0
14 98 0
14 99 0
14 100 1
15 0 1
15 1 0
15 2 1
15 3 1
15 4 0
15 5 0
15 6 0
15 7 0
15 8 1
15 9 0
15 10 0
15 11 0
15 12 1
15 13 0
15 14 1
15 15 0
15 16 0
15 17 1
15 18 0
15 19 1
15 20 0
15 21 0
15 22 0
15 23 1
15 24 1
15 25 1
15 26 0
15 27 0
15 28 0
15 29 0
15 30 0
15 31 1
15 32 0
15 33 0
15 34 0
15 35 1
15 36 0
15 37 0
15 38 0
15 39 1
15 40 0
15 41 1
15 42 1
15 43 1
15 44 0
15 45 0
15 46 1
15 47 0
15 48 0
15 49 0
15 50 0
15 51 0
15 52 1
15 53 0
15 54 1
15 55 0
15 56 1
15 57 1
15 58 1
15 59 0
15 60 0
15 61 0
15 62 0
15 63 0
15 64 0
15 65 1
15 66 1
15 67 0
15 68 1
15 69 1
15 70 0
15 71 0
15 72 1
15 73 0
15 74 0
15 75 0
15 76 0
15 77 0
15 78 1
15 79 1
15 80 0
15 81 1
15 82 1
15 83 0
15 84 0
15 85 0
15 86 0
15 87 0
15 88 0
15 89 0
15 90 1
15 91 0
15 92 0
15 93 0
15 94 0
15 95 1
15 96 0
15 97 0
15 98 1
15 99 0
15 100 0
16 0 1
16 1 0
16 2 1
16 3 1
16 4 1
16 5 1
16 6 0
16 7 0
16 8 0
16 9 0
16 10 0
16 11 1
16 12 0
16 13 1
16 14 1
16 15 0
16 16 0
16 17 1
16 18 0
16 19 0
16 20 0
16 21 0
16 22 1
16 23 0
16 24 0
16 25 1
16 26 1
16 27 0
16 28 0
16 29 0
16 30 0
16 31 0
16 32 1
16 33 1
16 34 1
16 35 1
16 36 0
16 37 1
16 38 0
16 39 0
16 40 1
16 41 0
16 42 0
16 43 0
16 44 0
16 45 0
16 46 1
16 47 0
16 48 0
16 49 1
16 50 1
16 51 0
16 52 0
16 53 0
16 54 0
16 55 1
16 56 0
16 57 1
16 58 1
16 59 0
16 60 1
16 61 0
16 62 0
16 63 1
16 64 0
16 65 1
16 66 0
16 67 0
16 68 1
16 69 1
16 70 1
16 71 0
16 72 0
16 73 0
16 74 0
16 75 0
16 76 0
16 77 1
16 78 1
16 79 0
16 80 0
16 81 0
16 82 0
16 83 1
16 84 0
16 85 0
16 86 0
16 87 1
16 88 1
16 89 0
16 90 0
16 91 1
16 92 0
16 93 0
16 94 0
16 95 1
16 96 0
16 97 0
16 98 0
16 99 1
16 100 0
17 0 0
17 1 0
17 2 0
17 3 0
17 4 0
17 5 1
17 6 0
17 7 0
17 8 1
17 9 1
17 10 0
17 11 0
17 12 0
17 13 1
17 14 1
17 15 1
17 16 0
17 17 0
17 18 0
17 19 0
17 20 1
17 21 0
17 22 0
17 23 0
17 24 0
17 25 0
17 26 0
17 27 1
17 28 1
17 29 1
17 30 0
17 31 1
17 32 0
17 33 0
17 34 1
17 35 0
17 36 0
17 37 0
17 38 0
17 39 0
17 40 0
17 41 1
17 42 1
17 43 0
17 44 0
17 45 0
17 46 1
17 47 1
17 48 1
17 49 0
17 50 1
17 51 1
17 52 0
17 53 1
17 54 0
17 55 0
17 56 0
17 57 1
17 58 0
17 59 0
17 60 0
17 61 0
17 62 0
17 63 0
17 64 1
17 65 0
17 66 0
17 67 1
17 68 0
17 69 0
17 70 0
17 71 0
17 72 1
17 73 1
17 74 0
17 75 0
17 76 1
17 77 0
17 78 0
17 79 1
17 80 0
17 81 0
17 82 1
17 83 1
17 84 0
17 85 0
17 86 0
17 87 0
17 88 0
17 89 0
17 90 1
17 91 1
17 92 0
17 93 0
17 94 0
17 95 0
17 96 0
17 97 1
17 98 1
17 99 0
17 100 0
18 0 0
18 1 0
18 2 0
18 3 0
18 4 0
18 5 1
18 6 0
18 7 1
18 8 1
18 9 0
18 10 0
18 11 0
18 12 0
18 13 1
18 14 0
18 15 0
18 16 1
18 17 0
18 18 1
18 19 0
18 20 0
18 21 0
18 22 0
18 23 0
18 24 0
18 25 0
18 26 0
18 27 0
18 28 0
18 29 1
18 30 1
18 31 0
18 32 0
18 33 1
18 34 1
18 35 0
18 36 0
18 37 0
18 38 0
18 39 1
18 40 1
18 41 1
18 42 0
18 43 0
18 44 0
18 45 0
18 46 0
18 47 0
18 48 1
18 49 1
18 50 0
18 51 0
18 52 0
18 53 1
18 54 0
18 55 0
18 56 0
18 57 1
18 58 0
18 59 1
18 60 0
18 61 1
18 62 1
18 63 0
18 64 0
18 65 1
18 66 0
18 67 1
18 68 0
18 69 0
18 70 0
18 71 1
18 72 1
18 73 1
18 74 0
18 75 0
18 76 0
18 77 0
18 78 0
18 79 0
18 80 0
18 81 0
18 82 1
18 83 1
18 84 1
18 85 0
18 86 1
18 87 0
18 88 0
18 89 0
18 90 0
18 91 0
18 92 0
18 93 0
18 94 1
18 95 1
18 96 1
18 97 0
18 98 0
18 99 1
18 100 0
19 0 0
19 1 0
19 2 1
19 3 1
19 4 0
19 5 1
19 6 0
19 7 1
19 8 0
19 9 0
19 10 1
19 11 0
19 12 0
19 13 0
19 14 0
19 15 0
19 16 1
19 17 1
19 18 0
19 19 0
19 20 0
19 21 0
19 22 0
19 23 0
19 24 0
19 25 0
19 26 1
19 27 0
19 28 1
19 29 0
19 30 0
19 31 0
19 32 1
19 33 0
19 34 0
19 35 0
19 36 0
19 37 0
19 38 1
19 39 0
19 40 0
19 41 0
19 42 0
19 43 0
19 44 0
19 45 0
19 46 0
19 47 1
19 48 0
19 49 1
19 50 0
19 51 1
19 52 1
19 53 0
19 54 0
19 55 1
19 56 1
19 57 0
19 58 0
19 59 1
19 60 0
19 61 1
19 62 1
19 63 1
19 64 0
19 65 1
19 66 0
19 67 0
19 68 1
19 69 0
19 70 0
19 71 1
19 72 1
19 73 0
19 74 0
19 75 0
19 76 0
19 77 0
19 78 0
19 79 0
19 80 0
19 81 1
19 82 1
19 83 1
19 84 1
19 85 0
19 86 1
19 87 0
19 88 0
19 89 1
19 90 1
19 91 1
19 92 0
19 93 1
19 94 0
19 95 0
19 96 0
19 97 1
19 98 0
19 99 0
19 100 1
20 0 0
20 1 1
20 2 0
20 3 1
20 4 0
20 5 0
20 6 0
20 7 0
20 8 1
20 9 0
20 10 1
20 11 0
20 12 0
20 13 0
20 14 1
20 15 0
20 16 0
20 17 0
20 18 0
20 19 1
20 20 0
20 21 0
20 22 0
20 23 0
20 24 0
20 25 1
20 26 1
20 27 0
20 28 0
20 29 1
20 30 0
20 31 0
20 32 0
20 33 0
20 34 0
20 35 0
20 36 1
20 37 1
20 38 0
20 39 1
20 40 0
20 41 1
20 42 0
20 43 0
20 44 0
20 45 0
20 46 0
20 47 1
20 48 0
20 49 0
20 50 0
20 51 1
20 52 0
20 53 0
20 54 1
20 55 1
20 56 0
20 57 0
20 58 1
20 59 0
20 60 1
20 61 1
20 62 1
20 63 0
20 64 0
20 65 0
20 66 1
20 67 0
20 68 0
20 69 1
20 70 0
20 71 1
20 72 0
20 73 0
20 74 0
20 75 0
20 76 0
20 77 0
20 78 0
20 79 0
20 80 1
20 81 0
20 82 0
20 83 0
20 84 1
20 85 0
20 86 0
20 87 0
20 88 0
20 89 0
20 90 0
20 91 1
20 92 0
20 93 1
20 94 0
20 95 1
20 96 0
20 97 0
20 98 0
20 99 0
20 100 0
21 0 0
21 1 1
21 2 0
21 3 1
21 4 0
21 5 0
21 6 1
21 7 0
21 8 0
21 9 0
21 10 0
21 11 0
21 12 1
21 13 0
21 14 0
21 15 0
21 16 1
21 17 1
21 18 0
21 19 0
21 20 1
21 21 0
21 22 0
21 23 1
21 24 1
21 25 1
21 26 1
21 27 0
21 28 0
21 29 0
21 30 0
21 31 0
21 32 0
21 33 0
21 34 1
21 35 0
21 36 0
21 37 0
21 38 0
21 39 0
21 40 0
21 41 0
21 42 0
21 43 0
21 44 1
21 45 1
21 46 1
21 47 0
21 48 1
21 49 1
21 50 0
21 51 0
21 52 0
21 53 1
21 54 0
21 55 1
21 56 1
21 57 0
21 58 0
21 59 0
21 60 1
21 61 1
21 62 0
21 63 1
21 64 1
21 65 1
21 66 1
21 67 1
21 68 1
21 69 0
21 70 1
21 71 0
21 72 0
21 73 1
21 74 1
21 75 0
21 76 0
21 77 0
21 78 1
21 79 0
21 80 1
21 81 0
21 82 1
21 83 0
21 84 0
21 85 0
21 86 0
21 87 1
21 88 1
21 89 1
21 90 0
21 91 1
21 92 0
21 93 1
21 94 0
21 95 0
21 96 0
21 97 1
21 98 0
21 99 0
21 100 0
22 0 0
22 1 0
22 2 0
22 3 0
22 4 1
22 5 1
22 6 0
22 7 1
22 8 0
22 9 0
22 10 1
22 11 0
22 12 0
22 13 0
22 14 1
22 15 0
22 16 0
22 17 0
22 18 0
22 19 1
22 20 1
22 21 1
22 22 0
22 23 0
22 24 0
22 25 0
22 26 0
22 27 0
22 28 1
22 29 0
22 30 0
22 31 1
22 32 0
22 33 1
22 34 0
22 35 0
22 36 0
22 37 0
22 38 1
22 39 0
22 40 0
22 41 1
22 42 0
22 43 1
22 44 0
22 45 1
22 46 0
22 47 0
22 48 1
22 49 0
22 50 1
22 51 0
22 52 0
22 53 0
22 54 1
22 55 0
22 56 0
22 57 0
22 58 0
22 59 0
22 60 0
22 61 0
22 62 0
22 63 0
22 64 0
22 65 1
22 66 0
22 67 0
22 68 0
22 69 0
22 70 1
22 71 0
22 72 0
22 73 0
22 74 0
22 75 1
22 76 1
22 77 0
22 78 0
22 79 0
22 80 1
22 81 1
22 82 0
22 83 0
22 84 0
22 85 0
22 86 1
22 87 1
22 88 1
22 89 0
22 90 0
22 91 1
22 92 1
22 93 0
22 94 0
22 95 0
22 96 0
22 97 1
22 98 1
22 99 0
22 100 0
23 0 0
23 1 0
23 2 1
23 3 0
23 4 0
23 5 0
23 6 1
23 7 0
23 8 1
23 9 0
23 10 0
23 11 0
23 12 0
23 13 0
23 14 0
23 15 0
23 16 0
23 17 0
23 18 0
23 19 0
23 20 0
23 21 1
23 22 0
23 23 0
23 24 0
23 25 0
23 26 0
23 27 1
23 28 1
23 29 0
23 30 0
23 31 0
23 32 0
23 33 0
23 34 0
23 35 0
23 36 0
23 37 1
23 38 1
23 39 1
23 40 0
23 41 1
23 42 0
23 43 0
23 44 0
23 45 0
23 46 0
23 47 0
23 48 0
23 49 0
23 50 0
23 51 0
23 52 1
23 53 0
23 54 0
23 55 0
23 56 0
23 57 1
23 58 1
23 59 0
23 60 0
23 61 0
23 62 0
23 63 1
23 64 0
23 65 1
23 66 0
23 67 0
23 68 0
23 69 1
23 70 1
23 71 1
23 72 0
23 73 0
23 74 1
23 75 0
23 76 1
23 77 0
23 78 0
23 79 1
23 80 0
23 81 0
23 82 0
23 83 0
23 84 1
23 85 1
23 86 0
23 87 0
23 88 0
23 89 0
23 90 1
23 91 0
23 92 0
23 93 1
23 94 0
23 95 1
23 96 1
23 97 0
23 98 1
23 99 1
23 100 1
24 0 0
24 1 0
24 2 0
24 3 0
24 4 0
24 5 0
24 6 1
24 7 0
24 8 0
24 9 0
24 10 0
24 11 0
24 12 0
24 13 0
24 14 1
24 15 0
24 16 0
24 17 1
24 18 0
24 19 0
24 20 0
24 21 0
24 22 1
24 23 0
24 24 0
24 25 0
24 26 0
24 27 0
24 28 1
24 29 0
24 30 0
24 31 1
24 32 0
24 33 0
24 34 0
24 35 0
24 36 0
24 37 0
24 38 0
24 39 0
24 40 1
24 41 1
24 42 0
24 43 0
24 44 1
24 45 0
24 46 0
24 47 0
24 48 1
24 49 0
24 50 1
24 51 0
24 52 0
24 53 1
24 54 0
24 55 0
24 56 0
24 57 1
24 58 0
24 59 1
24 60 1
24 61 1
24 62 1
24 63 0
24 64 0
24 65 0
24 66 0
24 67 0
24 68 0
24 69 1
24 70 0
24 71 0
24 72 1
24 73 0
24 74 1
24 75 0
24 76 0
24 77 0
24 78 0
24 79 0
24 80 1
24 81 0
24 82 0
24 83 0
24 84 1
24 85 0
24 86 0
24 87 0
24 88 0
24 89 0
24 90 0
24 91 1
24 92 1
24 93 1
24 94 1
24 95 1
24 96 1
24 97 0
24 98 0
24 99 1
24 100 0
25 0 0
25 1 0
25 2 0
25 3 1
25 4 1
25 5 1
25 6 1
25 7 1
25 8 1
25 9 0
25 10 0
25 11 0
25 12 0
25 13 0
25 14 0
25 15 1
25 16 0
25 17 0
25 18 0
25 19 0
25 20 0
25 21 1
25 22 1
25 23 0
25 24 0
25 25 1
25 26 1
25 27 1
25 28 0
25 29 0
25 30 1
25 31 0
25 32 0
25 33 1
25 34 0
25 35 0
25 36 0
25 37 1
25 38 0
25 39 0
25 40 1
25 41 1
25 42 0
25 43 1
25 44 0
25 45 1
25 46 0
25 47 0
25 48 0
25 49 0
25 50 1
25 51 0
25 52 0
25 53 0
25 54 0
25 55 0
25 56 0
25 57 0
25 58 0
25 59 1
25 60 1
25 61 0
25 62 0
25 63 0
25 64 0
25 65 0
25 66 0
25 67 0
25 68 0
25 69 1
25 70 1
25 71 0
25 72 0
25 73 0
25 74 1
25 75 0
25 76 0
25 77 0
25 78 0
25 79 0
25 80 0
25 81 0
25 82 1
25 83 0
25 84 0
25 85 1
25 86 1
25 87 1
25 88 1
25 89 0
25 90 1
25 91 0
25 92 1
25 93 1
25 94 1
25 95 1
25 96 1
25 97 1
25 98 0
25 99 0
25 100 0
26 0 0
26 1 0
26 2 1
26 3 1
26 4 0
26 5 1
26 6 1
26 7 0
26 8 0
26 9 0
26 10 0
26 11 0
26 12 0
26 13 1
26 14 0
26 15 0
26 16 0
26 17 0
26 18 1
26 19 1
26 20 0
26 21 0
26 22 0
26 23 0
26 24 1
26 25 0
26 26 0
26 27 0
26 28 0
26 29 1
26 30 0
26 31 1
26 32 0
26 33 1
26 34 0
26 35 0
26 36 0
26 37 0
26 38 1
26 39 0
26 40 0
26 41 1
26 42 0
26 43 0
26 44 1
26 45 0
26 46 1
26 47 0
26 48 0
26 49 1
26 50 1
26 51 0
26 52 0
26 53 1
26 54 0
26 55 0
26 56 0
26 57 0
26 58 0
26 59 1
26 60 0
26 61 1
26 62 0
26 63 0
26 64 0
26 65 0
26 66 0
26 67 0
26 68 1
26 69 0
26 70 0
26 71 0
26 72 0
26 73 0
26 74 0
26 75 0
26 76 0
26 77 0
26 78 1
26 79 1
26 80 0
26 81 0
26 82 1
26 83 0
26 84 0
26 85 0
26 86 0
26 87 0
26 88 0
26 89 0
26 90 1
26 91 1
26 92 0
26 93 0
26 94 1
26 95 1
26 96 1
26 97 1
26 98 0
26 99 1
26 100 1
27 0 1
27 1 0
27 2 0
27 3 0
27 4 0
27 5 1
27 6 0
27 7 1
27 8 1
27 9 1
27 10 0
27 11 1
27 12 0
27 13 1
27 14 0
27 15 0
27 16 0
27 17 0
27 18 0
27 19 0
27 20 0
27 21 0
27 22 1
27 23 0
27 24 0
27 25 0
27 26 0
27 27 0
27 28 0
27 29 0
27 30 1
27 31 0
27 32 1
27 33 1
27 34 0
27 35 0
27 36 1
27 37 0
27 38 1
27 39 0
27 40 0
27 41 1
27 42 0
27 43 0
27 44 1
27 45 1
27 46 1
27 47 0
27 48 0
27 49 1
27 50 0
27 51 0
27 52 1
27 53 0
27 54 0
27 55 1
27 56 0
27 57 1
27 58 0
27 59 0
27 60 1
27 61 0
27 62 0
27 63 0
27 64 0
27 65 0
27 66 1
27 67 0
27 68 1
27 69 0
27 70 1
27 71 1
27 72 0
27 73 0
27 74 1
27 75 0
27 76 0
27 77 1
27 78 0
27 79 0
27 80 0
27 81 0
27 82 1
27 83 1
27 84 1
27 85 1
27 86 0
27 87 1
27 88 1
27 89 0
27 90 0
27 91 0
27 92 0
27 93 0
27 94 0
27 95 0
27 96 1
27 97 0
27 98 1
27 99 1
27 100 1
28 0 0
28 1 0
28 2 0
28 3 0
28 4 0
28 5 0
28 6 0
28 7 1
28 8 0
28 9 1
28 10 0
28 11 0
28 12 0
28 13 0
28 14 0
28 15 0
28 16 1
28 17 0
28 18 0
28 19 1
28 20 1
28 21 1
28 22 1
28 23 1
28 24 0
28 25 0
28 26 0
28 27 1
28 28 1
28 29 1
28 30 0
28 31 1
28 32 0
28 33 0
28 34 0
28 35 1
28 36 0
28 37 1
28 38 0
28 39 1
28 40 0
28 41 0
28 42 1
28 43 0
28 44 0
28 45 1
28 46 0
28 47 0
28 48 1
28 49 0
28 50 1
28 51 1
28 52 0
28 53 1
28 54 1
28 55 0
28 56 0
28 57 0
28 58 1
28 59 0
28 60 0
28 61 1
28 62 0
28 63 0
28 64 1
28 65 0
28 66 1
28 67 0
28 68 1
28 69 0
28 70 0
28 71 1
28 72 0
28 73 0
28 74 1
28 75 1
28 76 0
28 77 0
28 78 1
28 79 1
28 80 0
28 81 0
28 82 0
28 83 0
28 84 0
28 85 1
28 86 1
28 87 1
28 88 1
28 89 1
28 90 0
28 91 1
28 92 0
28 93 0
28 94 1
28 95 0
28 96 0
28 97 1
28 98 0
28 99 0
28 100 0
29 0 1
29 1 0
29 2 0
29 3 0
29 4 0
29 5 1
29 6 0
29 7 1
29 8 0
29 9 0
29 10 0
29 11 0
29 12 0
29 13 1
29 14 0
29 15 0
29 16 0
29 17 0
29 18 0
29 19 0
29 20 1
29 21 1
29 22 0
29 23 1
29 24 0
29 25 0
29 26 0
29 27 0
29 28 1
29 29 1
29 30 0
29 31 1
29 32 0
29 33 1
29 34 1
29 35 0
29 36 0
29 37 0
29 38 0
29 39 0
29 40 1
29 41 1
29 42 0
29 43 1
29 44 1
29 45 1
29 46 0
29 47 1
29 48 0
29 49 1
29 50 1
29 51 1
29 52 0
29 53 0
29 54 0
29 55 0
29 56 1
29 57 0
29 58 0
29 59 1
29 60 1
29 61 0
29 62 1
29 63 0
29 64 1
29 65 0
29 66 1
29 67 0
29 68 1
29 69 1
29 70 1
29 71 0
29 72 1
29 73 1
29 74 0
29 75 0
29 76 0
29 77 0
29 78 1
29 79 1
29 80 0
29 81 0
29 82 0
29 83 0
29 84 1
29 85 0
29 86 0
29 87 0
29 88 1
29 89 0
29 90 0
29 91 1
29 92 1
29 93 0
29 94 0
29 95 1
29 96 0
29 97 1
29 98 1
29 99 1
29 100 1
30 0 0
30 1 0
30 2 0
30 3 1
30 4 1
30 5 1
30 6 0
30 7 1
30 8 0
30 9 0
30 10 0
30 11 0
30 12 1
30 13 0
30 14 0
30 15 0
30 16 1
30 17 1
30 18 0
30 19 1
30 20 0
30 21 0
30 22 1
30 23 1
30 24 0
30 25 0
30 26 0
30 27 1
30 28 0
30 29 0
30 30 1
30 31 1
30 32 0
30 33 1
30 34 0
30 35 0
30 36 0
30 37 0
30 38 1
30 39 0
30 40 0
30 41 0
30 42 0
30 43 1
30 44 0
30 45 0
30 46 1
30 47 0
30 48 0
30 49 1
30 50 0
30 51 0
30 52 0
30 53 0
30 54 0
30 55 0
30 56 0
30 57 0
30 58 1
30 59 0
30 60 1
30 61 0
30 62 1
30 63 0
30 64 0
30 65 0
30 66 0
30 67 1
30 68 0
30 69 1
30 70 0
30 71 1
30 72 0
30 73 0
30 74 0
30 75 0
30 76 0
30 77 0
30 78 1
30 79 0
30 80 0
30 81 0
30 82 0
30 83 1
30 84 0
30 85 0
30 86 0
30 87 1
30 88 0
30 89 1
30 90 0
30 91 0
30 92 1
30 93 1
30 94 0
30 95 0
30 96 0
30 97 1
30 98 1
30 99 0
30 100 0
31 0 1
31 1 0
31 2 1
31 3 1
31 4 0
31 5 0
31 6 0
31 7 0
31 8 0
31 9 1
31 10 1
31 11 0
31 12 0
31 13 0
31 14 1
31 15 0
31 16 1
31 17 0
31 18 0
31 19 0
31 20 0
31 21 0
31 22 0
31 23 0
31 24 0
31 25 1
31 26 1
31 27 1
31 28 1
31 29 0
31 30 0
31 31 0
31 32 0
31 33 0
31 34 1
31 35 0
31 36 1
31 37 1
31 38 0
31 39 0
31 40 1
31 41 1
31 42 0
31 43 0
31 44 0
31 45 0
31 46 0
31 47 0
31 48 1
31 49 0
31 50 0
31 51 1
31 52 0
31 53 1
31 54 1
31 55 1
31 56 1
31 57 0
31 58 1
31 59 0
31 60 1
31 61 0
31 62 0
31 63 1
31 64 1
31 65 0
31 66 1
31 67 0
31 68 1
31 69 1
31 70 0
31 71 1
31 72 1
31 73 0
31 74 0
31 75 0
31 76 1
31 77 0
31 78 0
31 79 0
31 80 0
31 81 1
31 82 0
31 83 0
31 84 1
31 85 1
31 86 0
31 87 1
31 88 0
31 89 0
31 90 0
31 91 0
31 92 1
31 93 0
31 94 0
31 95 1
31 96 0
31 97 1
31 98 0
31 99 0
31 100 1
32 0 1
32 1 1
32 2 0
32 3 0
32 4 0
32 5 1
32 6 0
32 7 1
32 8 0
32 9 0
32 10 0
32 11 1
32 12 0
32 13 1
32 14 1
32 15 0
32 16 0
32 17 0
32 18 0
32 19 1
32 20 0
32 21 1
32 22 0
32 23 1
32 24 0
32 25 0
32 26 0
32 27 0
32 28 0
32 29 1
32 30 0
32 31 0
32 32 0
32 33 0
32 34 1
32 35 0
32 36 0
32 37 1
32 38 0
32 39 0
32 40 1
32 41 0
32 42 1
32 43 1
32 44 1
32 45 1
32 46 0
32 47 1
32 48 1
32 49 0
32 50 0
32 51 1
32 52 0
32 53 0
32 54 0
32 55 0
32 56 1
32 57 0
32 58 1
32 59 0
32 60 1
32 61 0
32 62 0
32 63 1
32 64 0
32 65 0
32 66 0
32 67 1
32 68 0
32 69 0
32 70 0
32 71 0
32 72 0
32 73 0
32 74 0
32 75 1
32 76 0
32 77 0
32 78 0
32 79 0
32 80 1
32 81 0
32 82 0
32 83 0
32 84 0
32 85 1
32 86 1
32 87 0
32 88 0
32 89 1
32 90 0
32 91 1
32 92 0
32 93 0
32 94 0
32 95 0
32 96 0
32 97 1
32 98 0
32 99 0
32 100 1
33 0 1
33 1 0
33 2 0
33 3 0
33 4 1
33 5 1
33 6 0
33 7 0
33 8 0
33 9 0
33 10 0
33 11 0
33 12 0
33 13 1
33 14 0
33 15 0
33 16 0
33 17 1
33 18 0
33 19 1
33 20 0
33 21 1
33 22 0
33 23 1
33 24 0
33 25 0
33 26 1
33 27 0
33 28 0
33 29 1
33 30 0
33 31 0
33 32 1
33 33 0
33 34 1
33 35 1
33 36 1
33 37 0
33 38 0
33 39 1
33 40 0
33 41 1
33 42 0
33 43 1
33 44 0
33 45 0
33 46 0
33 47 0
33 48 0
33 49 1
33 50 1
33 51 0
33 52 1
33 53 1
33 54 1
33 55 0
33 56 0
33 57 1
33 58 0
33 59 0
33 60 0
33 61 0
33 62 1
33 63 0
33 64 1
33 65 1
33 66 0
33 67 0
33 68 1
33 69 0
33 70 1
33 71 0
33 72 0
33 73 0
33 74 0
33 75 1
33 76 0
33 77 1
33 78 0
33 79 0
33 80 0
33 81 1
33 82 1
33 83 0
33 84 0
33 85 0
33 86 0
33 87 1
33 88 1
33 89 0
33 90 1
33 91 0
33 92 0
33 93 1
33 94 1
33 95 0
33 96 0
33 97 0
33 98 1
33 99 0
33 100 0
34 0 0
34 1 0
34 2 0
34 3 1
34 4 0
34 5 0
34 6 0
34 7 0
34 8 1
34 9 0
34 10 1
34 11 0
34 12 1
34 13 0
34 14 0
34 15 0
34 16 1
34 17 1
34 18 0
34 19 1
34 20 0
34 21 0
34 22 0
34 23 1
34 24 0
34 25 1
34 26 0
34 27 0
34 28 0
34 29 0
34 30 1
34 31 0
34 32 0
34 33 0
34 34 0
34 35 0
34 36 0
34 37 1
34 38 0
34 39 0
34 40 0
34 41 1
34 42 1
34 43 0
34 44 0
34 45 0
34 46 0
34 47 0
34 48 1
34 49 0
34 50 0
34 51 0
34 52 1
34 53 1
34 54 0
34 55 1
34 56 1
34 57 0
34 58 1
34 59 0
34 60 0
34 61 0
34 62 0
34 63 1
34 64 0
34 65 1
34 66 0
34 67 0
34 68 0
34 69 0
34 70 0
34 71 1
34 72 0
34 73 0
34 74 1
34 75 0
34 76 0
34 77 1
34 78 0
34 79 0
34 80 0
34 81 0
34 82 1
34 83 0
34 84 0
34 85 0
34 86 0
34 87 0
34 88 0
34 89 0
34 90 0
34 91 1
34 92 0
34 93 0
34 94 0
34 95 0
34 96 1
34 97 0
34 98 0
34 99 0
34 100 0
35 0 0
35 1 0
35 2 0
35 3 1
35 4 0
35 5 0
35 6 0
35 7 1
35 8 1
35 9 0
35 10 1
35 11 1
35 12 0
35 13 0
35 14 0
35 15 1
35 16 0
35 17 1
35 18 1
35 19 0
35 20 0
35 21 1
35 22 0
35 23 1
35 24 0
35 25 0
35 26 0
35 27 0
35 28 1
35 29 1
35 30 0
35 31 0
35 32 1
35 33 1
35 34 1
35 35 1
35 36 0
35 37 1
35 38 0
35 39 1
35 40 1
35 41 1
35 42 0
35 43 0
35 44 0
35 45 0
35 46 0
35 47 0
35 48 0
35 49 0
35 50 1
35 51 0
35 52 0
35 53 1
35 54 0
35 55 1
35 56 0
35 57 0
35 58 0
35 59 0
35 60 0
35 61 1
35 62 0
35 63 0
35 64 0
35 65 0
35 66 1
35 67 0
35 68 0
35 69 0
35 70 0
35 71 0
35 72 1
35 73 0
35 74 1
35 75 0
35 76 1
35 77 0
35 78 0
35 79 0
35 80 0
35 81 0
35 82 1
35 83 1
35 84 1
35 85 0
35 86 0
35 87 1
35 88 0
35 89 1
35 90 1
35 91 0
35 92 0
35 93 0
35 94 1
35 95 0
35 96 0
35 97 0
35 98 0
35 99 0
35 100 0
36 0 1
36 1 0
36 2 0
36 3 0
36 4 1
36 5 1
36 6 0
36 7 0
36 8 0
36 9 1
36 10 0
36 11 1
36 12 0
36 13 1
36 14 1
36 15 1
36 16 0
36 17 1
36 18 1
36 19 0
36 20 1
36 21 1
36 22 0
36 23 0
36 24 0
36 25 0
36 26 1
36 27 1
36 28 1
36 29 0
36 30 0
36 31 0
36 32 0
36 33 0
36 34 1
36 35 0
36 36 1
36 37 1
36 38 0
36 39 1
36 40 1
36 41 0
36 42 0
36 43 0
36 44 0
36 45 0
36 46 1
36 47 1
36 48 1
36 49 0
36 50 1
36 51 0
36 52 0
36 53 1
36 54 1
36 55 0
36 56 1
36 57 0
36 58 1
36 59 0
36 60 1
36 61 0
36 62 1
36 63 0
36 64 1
36 65 1
36 66 0
36 67 0
36 68 0
36 69 0
36 70 1
36 71 1
36 72 0
36 73 1
36 74 0
36 75 0
36 76 1
36 77 0
36 78 0
36 79 0
36 80 0
36 81 1
36 82 1
36 83 0
36 84 0
36 85 0
36 86 1
36 87 1
36 88 0
36 89 0
36 90 0
36 91 0
36 92 1
36 93 0
36 94 0
36 95 1
36 96 0
36 97 1
36 98 1
36 99 0
36 100 0
37 0 0
37 1 0
37 2 1
37 3 1
37 4 0
37 5 0
37 6 0
37 7 0
37 8 1
37 9 1
37 10 1
37 11 0
37 12 0
37 13 0
37 14 0
37 15 1
37 16 1
37 17 1
37 18 0
37 19 0
37 20 0
37 21 1
37 22 0
37 23 0
37 24 0
37 25 1
37 26 1
37 27 0
37 28 0
37 29 0
37 30 0
37 31 0
37 32 0
37 33 0
37 34 0
37 35 1
37 36 0
37 37 0
37 38 0
37 39 1
37 40 0
37 41 1
37 42 1
37 43 1
37 44 0
37 45 0
37 46 1
37 47 0
37 48 0
37 49 0
37 50 0
37 51 1
37 52 0
37 53 0
37 54 1
37 55 1
37 56 0
37 57 1
37 58 0
37 59 0
37 60 1
37 61 0
37 62 0
37 63 0
37 64 0
37 65 0
37 66 0
37 67 0
37 68 1
37 69 0
37 70 0
37 71 0
37 72 0
37 73 0
37 74 0
37 75 1
37 76 0
37 77 0
37 78 1
37 79 1
37 80 0
37 81 0
37 82 0
37 83 1
37 84 0
37 85 1
37 86 0
37 87 0
37 88 1
37 89 1
37 90 1
37 91 0
37 92 0
37 93 0
37 94 0
37 95 0
37 96 0
37 97 1
37 98 1
37 99 1
37 100 0
38 0 1
38 1 0
38 2 0
38 3 0
38 4 1
38 5 0
38 6 1
38 7 0
38 8 0
38 9 0
38 10 0
38 11 1
38 12 0
38 13 1
38 14 0
38 15 0
38 16 1
38 17 1
38 18 0
38 19 0
38 20 0
38 21 0
38 22 1
38 23 0
38 24 0
38 25 1
38 26 0
38 27 0
38 28 1
38 29 0
38 30 0
38 31 0
38 32 0
38 33 0
38 34 0
38 35 0
38 36 1
38 37 1
38 38 0
38 39 0
38 40 1
38 41 1
38 42 1
38 43 0
38 44 1
38 45 0
38 46 0
38 47 0
38 48 0
38 49 1
38 50 0
38 51 0
38 52 1
38 53 1
38 54 0
38 55 1
38 56 0
38 57 1
38 58 1
38 59 0
38 60 1
38 61 1
38 62 1
38 63 0
38 64 0
38 65 0
38 66 0
38 67 0
38 68 0
38 69 0
38 70 0
38 71 0
38 72 0
38 73 1
38 74 1
38 75 0
38 76 0
38 77 1
38 78 1
38 79 0
38 80 1
38 81 1
38 82 0
38 83 1
38 84 0
38 85 0
38 86 0
38 87 0
38 88 1
38 89 0
38 90 0
38 91 0
38 92 1
38 93 0
38 94 0
38 95 0
38 96 0
38 97 0
38 98 0
38 99 1
38 100 1
39 0 0
39 1 0
39 2 0
39 3 1
39 4 1
39 5 1
39 6 0
39 7 0
39 8 0
39 9 1
39 10 0
39 11 0
39 12 0
39 13 1
39 14 0
39 15 1
39 16 0
39 17 1
39 18 1
39 19 0
39 20 1
39 21 0
39 22 0
39 23 0
39 24 1
39 25 1
39 26 1
39 27 1
39 28 0
39 29 0
39 30 0
39 31 0
39 32 1
39 33 0
39 34 0
39 35 0
39 36 1
39 37 1
39 38 1
39 39 1
39 40 0
39 41 1
39 42 0
39 43 1
39 44 1
39 45 0
39 46 1
39 47 1
39 48 1
39 49 1
39 50 0
39 51 0
39 52 1
39 53 0
39 54 0
39 55 1
39 56 0
39 57 0
39 58 0
39 59 0
39 60 1
39 61 0
39 62 0
39 63 1
39 64 0
39 65 0
39 66 0
39 67 0
39 68 1
39 69 0
39 70 1
39 71 0
39 72 0
39 73 1
39 74 1
39 75 1
39 76 0
39 77 1
39 78 0
39 79 0
39 80 1
39 81 1
39 82 1
39 83 0
39 84 0
39 85 1
39 86 1
39 87 1
39 88 0
39 89 1
39 90 0
39 91 0
39 92 1
39 93 0
39 94 0
39 95 0
39 96 0
39 97 1
39 98 1
39 99 0
39 100 0
40 0 1
40 1 0
40 2 1
40 3 1
40 4 1
40 5 0
40 6 0
40 7 1
40 8 0
40 9 0
40 10 0
40 11 0
40 12 0
40 13 0
40 14 1
40 15 0
40 16 0
40 17 0
40 18 0
40 19 0
40 20 0
40 21 1
40 22 0
40 23 0
40 24 0
40 25 0
40 26 1
40 27 1
40 28 1
40 29 1
40 30 1
40 31 0
40 32 0
40 33 0
40 34 0
40 35 0
40 36 0
40 37 0
40 38 0
40 39 1
40 40 0
40 41 0
40 42 1
40 43 0
40 44 0
40 45 0
40 46 1
40 47 0
40 48 1
40 49 0
40 50 1
40 51 1
40 52 1
40 53 0
40 54 0
40 55 0
40 56 0
40 57 0
40 58 0
40 59 0
40 60 0
40 61 1
40 62 0
40 63 0
40 64 0
40 65 0
40 66 0
40 67 1
40 68 1
40 69 0
40 70 0
40 71 1
40 72 0
40 73 1
40 74 1
40 75 0
40 76 0
40 77 1
40 78 0
40 79 0
40 80 0
40 81 1
40 82 0
40 83 0
40 84 1
40 85 1
40 86 0
40 87 0
40 88 0
40 89 1
40 90 0
40 91 1
40 92 0
40 93 1
40 94 0
40 95 1
40 96 0
40 97 0
40 98 0
40 99 0
40 100 0
41 0 0
41 1 1
41 2 1
41 3 0
41 4 1
41 5 1
41 6 0
41 7 0
41 8 0
41 9 1
41 10 0
41 11 0
41 12 0
41 13 1
41 14 1
41 15 1
41 16 1
41 17 0
41 18 0
41 19 1
41 20 1
41 21 0
41 22 1
41 23 0
41 24 0
41 25 0
41 26 0
41 27 1
41 28 0
41 29 0
41 30 1
41 31 1
41 32 0
41 33 1
41 34 1
41 35 1
41 36 0
41 37 0
41 38 1
41 39 1
41 40 0
41 41 0
41 42 0
41 43 0
41 44 0
41 45 0
41 46 0
41 47 0
41 48 0
41 49 1
41 50 0
41 51 1
41 52 1
41 53 0
41 54 0
41 55 0
41 56 0
41 57 1
41 58 0
41 59 0
41 60 0
41 61 0
41 62 0
41 63 1
41 64 0
41 65 1
41 66 1
41 67 0
41 68 0
41 69 0
41 70 0
41 71 1
41 72 0
41 73 1
41 74 0
41 75 0
41 76 0
41 77 1
41 78 0
41 79 1
41 80 0
41 81 0
41 82 1
41 83 0
41 84 0
41 85 1
41 86 0
41 87 1
41 88 1
41 89 0
41 90 1
41 91 1
41 92 0
41 93 1
41 94 1
41 95 0
41 96 1
41 97 0
41 98 0
41 99 0
41 100 0
42 0 0
42 1 0
42 2 0
42 3 1
42 4 0
42 5 0
42 6 0
42 7 0
42 8 0
42 9 0
42 10 0
42 11 0
42 12 1
42 13 0
42 14 0
42 15 1
42 16 1
42 17 1
42 18 1
42 19 0
42 20 1
42 21 1
42 22 0
42 23 0
42 24 0
42 25 1
42 26 0
42 27 1
42 28 1
42 29 0
42 30 1
42 31 1
42 32 0
42 33 0
42 34 0
42 35 1
42 36 1
42 37 0
42 38 1
42 39 1
42 40 0
42 41 0
42 42 1
42 43 0
42 44 0
42 45 1
42 46 0
42 47 1
42 48 0
42 49 0
42 50 0
42 51 0
42 52 0
42 53 1
42 54 1
42 55 0
42 56 1
42 57 1
42 58 1
42 59 1
42 60 1
42 61 0
42 62 0
42 63 1
42 64 0
42 65 0
42 66 0
42 67 0
42 68 1
42 69 0
42 70 0
42 71 1
42 72 0
42 73 0
42 74 1
42 75 0
42 76 0
42 77 0
42 78 0
42 79 0
42 80 0
42 81 0
42 82 1
42 83 1
42 84 0
42 85 1
42 86 0
42 87 1
42 88 0
42 89 0
42 90 0
42 91 1
42 92 0
42 93 0
42 94 0
42 95 1
42 96 0
42 97 1
42 98 0
42 99 1
42 100 0
43 0 1
43 1 1
43 2 1
43 3 1
43 4 1
43 5 1
43 6 0
43 7 0
43 8 0
43 9 0
43 10 0
43 11 0
43 12 1
43 13 1
43 14 0
43 15 0
43 16 0
43 17 0
43 18 1
43 19 0
43 20 0
43 21 1
43 22 1
43 23 1
43 24 0
43 25 0
43 26 0
43 27 1
43 28 0
43 29 0
43 30 0
43 31 1
43 32 0
43 33 1
43 34 0
43 35 1
43 36 1
43 37 0
43 38 0
43 39 1
43 40 0
43 41 0
43 42 0
43 43 0
43 44 0
43 45 1
43 46 1
43 47 1
43 48 0
43 49 0
43 50 0
43 51 0
43 52 1
43 53 1
43 54 0
43 55 0
43 56 0
43 57 1
43 58 0
43 59 0
43 60 0
43 61 1
43 62 0
43 63 0
43 64 1
43 65 1
43 66 0
43 67 0
43 68 0
43 69 0
43 70 1
43 71 0
43 72 1
43 73 0
43 74 0
43 75 0
43 76 0
43 77 0
43 78 1
43 79 1
43 80 0
43 81 0
43 82 0
43 83 1
43 84 1
43 85 0
43 86 1
43 87 0
43 88 1
43 89 1
43 90 1
43 91 0
43 92 1
43 93 0
43 94 0
43 95 0
43 96 1
43 97 0
43 98 0
43 99 1
43 100 1
44 0 1
44 1 1
44 2 1
44 3 0
44 4 0
44 5 1
44 6 0
44 7 0
44 8 0
44 9 0
44 10 0
44 11 1
44 12 0
44 13 0
44 14 1
44 15 0
44 16 0
44 17 0
44 18 0
44 19 0
44 20 1
44 21 1
44 22 0
44 23 0
44 24 0
44 25 0
44 26 0
44 27 0
44 28 1
44 29 1
44 30 1
44 31 0
44 32 1
44 33 0
44 34 0
44 35 0
44 36 1
44 37 0
44 38 0
44 39 0
44 40 0
44 41 0
44 42 0
44 43 1
44 44 0
44 45 0
44 46 0
44 47 0
44 48 1
44 49 0
44 50 1
44 51 0
44 52 0
44 53 1
44 54 1
44 55 0
44 56 1
44 57 0
44 58 0
44 59 0
44 60 0
44 61 0
44 62 1
44 63 0
44 64 0
44 65 1
44 66 0
44 67 1
44 68 0
44 69 0
44 70 1
44 71 0
44 72 0
44 73 1
44 74 0
44 75 0
44 76 0
44 77 0
44 78 1
44 79 0
44 80 0
44 81 0
44 82 0
44 83 0
44 84 0
44 85 0
44 86 1
44 87 1
44 88 0
44 89 0
44 90 0
44 91 0
44 92 1
44 93 1
44 94 0
44 95 1
44 96 0
44 97 1
44 98 1
44 99 0
44 100 0
45 0 0
45 1 0
45 2 0
45 3 0
45 4 1
45 5 0
45 6 0
45 7 1
45 8 1
45 9 0
45 10 1
45 11 0
45 12 1
45 13 0
45 14 0
45 15 0
45 16 0
45 17 0
45 18 0
45 19 1
45 20 0
45 21 0
45 22 0
45 23 1
45 24 0
45 25 1
45 26 0
45 27 1
45 28 0
45 29 1
45 30 1
45 31 0
45 32 0
45 33 1
45 34 0
45 35 0
45 36 0
45 37 0
45 38 1
45 39 0
45 40 0
45 41 1
45 42 1
45 43 0
45 44 0
45 45 0
45 46 0
45 47 0
45 48 0
45 49 0
45 50 0
45 51 0
45 52 1
45 53 1
45 54 0
45 55 0
45 56 1
45 57 0
45 58 0
45 59 0
45 60 0
45 61 0
45 62 1
45 63 0
45 64 1
45 65 0
45 66 1
45 67 0
45 68 0
45 69 1
45 70 0
45 71 0
45 72 1
45 73 0
45 74 0
45 75 0
45 76 0
45 77 0
45 78 0
45 79 0
45 80 0
45 81 0
45 82 0
45 83 0
45 84 0
45 85 1
45 86 0
45 87 0
45 88 0
45 89 1
45 90 0
45 91 0
45 92 0
45 93 0
45 94 0
45 95 0
45 96 1
45 97 0
45 98 0
45 99 1
45 100 0
46 0 1
46 1 0
46 2 0
46 3 0
46 4 0
46 5 0
46 6 1
46 7 1
46 8 0
46 9 1
46 10 0
46 11 0
46 12 1
46 13 1
46 14 1
46 15 0
46 16 1
46 17 1
46 18 1
46 19 0
46 20 0
46 21 0
46 22 0
46 23 0
46 24 1
46 25 0
46 26 0
46 27 1
46 28 1
46 29 0
46 30 1
46 31 0
46 32 0
46 33 0
46 34 1
46 35 0
46 36 0
46 37 1
46 38 0
46 39 1
46 40 0
46 41 0
46 42 1
46 43 1
46 44 1
46 45 0
46 46 0
46 47 0
46 48 0
46 49 0
46 50 1
46 51 0
46 52 0
46 53 0
46 54 0
46 55 0
46 56 0
46 57 0
46 58 0
46 59 0
46 60 0
46 61 1
46 62 1
46 63 0
46 64 1
46 65 0
46 66 0
46 67 1
46 68 0
46 69 0
46 70 0
46 71 1
46 72 1
46 73 1
46 74 0
46 75 0
46 76 1
46 77 1
46 78 1
46 79 0
46 80 1
46 81 0
46 82 0
46 83 0
46 84 1
46 85 0
46 86 1
46 87 1
46 88 1
46 89 1
46 90 1
46 91 1
46 92 1
46 93 0
46 94 1
46 95 0
46 96 0
46 97 0
46 98 0
46 99 1
46 100 0
47 0 1
47 1 0
47 2 0
47 3 0
47 4 1
47 5 1
47 6 0
47 7 0
47 8 0
47 9 1
47 10 0
47 11 0
47 12 0
47 13 0
47 14 0
47 15 1
47 16 1
47 17 0
47 18 1
47 19 0
47 20 0
47 21 0
47 22 0
47 23 1
47 24 0
47 25 0
47 26 1
47 27 0
47 28 1
47 29 0
47 30 1
47 31 1
47 32 0
47 33 0
47 34 1
47 35 0
47 36 1
47 37 1
47 38 0
47 39 0
47 40 1
47 41 0
47 42 0
47 43 0
47 44 0
47 45 0
47 46 0
47 47 1
47 48 1
47 49 0
47 50 1
47 51 0
47 52 0
47 53 0
47 54 0
47 55 1
47 56 0
47 57 1
47 58 0
47 59 1
47 60 0
47 61 0
47 62 0
47 63 1
47 64 0
47 65 0
47 66 0
47 67 0
47 68 1
47 69 0
47 70 0
47 71 0
47 72 1
47 73 1
47 74 0
47 75 0
47 76 0
47 77 0
47 78 0
47 79 0
47 80 1
47 81 1
47 82 1
47 83 1
47 84 0
47 85 0
47 86 1
47 87 1
47 88 1
47 89 0
47 90 0
47 91 0
47 92 1
47 93 0
47 94 0
47 95 1
47 96 0
47 97 0
47 98 0
47 99 0
47 100 0
48 0 0
48 1 0
48 2 1
48 3 1
48 4 0
48 5 0
48 6 0
48 7 0
48 8 0
48 9 0
48 10 0
48 11 0
48 12 0
48 13 1
48 14 0
48 15 1
48 16 0
48 17 0
48 18 0
48 19 0
48 20 1
48 21 0
48 22 1
48 23 0
48 24 0
48 25 1
48 26 0
48 27 0
48 28 1
48 29 1
48 30 1
48 31 0
48 32 0
48 33 0
48 34 0
48 35 1
48 36 0
48 37 1
48 38 1
48 39 1
48 40 0
48 41 1
48 42 1
48 43 0
48 44 1
48 45 1
48 46 1
48 47 1
48 48 0
48 49 0
48 50 0
48 51 1
48 52 0
48 53 1
48 54 0
48 55 0
48 56 0
48 57 1
48 58 0
48 59 0
48 60 0
48 61 1
48 62 1
48 63 1
48 64 0
48 65 1
48 66 0
48 67 0
48 68 1
48 69 0
48 70 1
48 71 0
48 72 1
48 73 0
48 74 0
48 75 0
48 76 1
48 77 1
48 78 1
48 79 0
48 80 0
48 81 0
48 82 0
48 83 1
48 84 1
48 85 0
48 86 1
48 87 0
48 88 1
48 89 1
48 90 1
48 91 0
48 92 0
48 93 1
48 94 0
48 95 1
48 96 1
48 97 0
48 98 0
48 99 0
48 100 0
49 0 1
49 1 1
49 2 0
49 3 0
49 4 0
49 5 1
49 6 0
49 7 0
49 8 0
49 9 0
49 10 0
49 11 1
49 12 1
49 13 0
49 14 1
49 15 0
49 16 1
49 17 1
49 18 1
49 19 0
49 20 0
49 21 0
49 22 1
49 23 1
49 24 1
49 25 1
49 26 1
49 27 1
49 28 0
49 29 0
49 30 1
49 31 0
49 32 0
49 33 1
49 34 1
49 35 0
49 36 0
49 37 0
49 38 0
49 39 0
49 40 0
49 41 1
49 42 0
49 43 0
49 44 1
49 45 0
49 46 0
49 47 0
49 48 0
49 49 0
49 50 0
49 51 0
49 52 0
49 53 0
49 54 1
49 55 0
49 56 1
49 57 0
49 58 0
49 59 1
49 60 1
49 61 0
49 62 0
49 63 0
49 64 0
49 65 1
49 66 0
49 67 1
49 68 1
49 69 0
49 70 0
49 71 1
49 72 0
49 73 1
49 74 0
49 75 0
49 76 1
49 77 1
49 78 1
49 79 0
49 80 0
49 81 0
49 82 0
49 83 0
49 84 0
49 85 0
49 86 0
49 87 1
49 88 1
49 89 0
49 90 1
49 91 0
49 92 0
49 93 0
49 94 0
49 95 0
49 96 0
49 97 0
49 98 1
49 99 1
49 100 0
50 0 0
50 1 1
50 2 0
50 3 1
50 4 0
50 5 1
50 6 0
50 7 0
50 8 1
50 9 1
50 10 0
50 11 0
50 12 0
50 13 0
50 14 1
50 15 1
50 16 1
50 17 0
50 18 1
50 19 0
50 20 1
50 21 0
50 22 0
50 23 1
50 24 1
50 25 1
50 26 0
50 27 0
50 28 1
50 29 0
50 30 0
50 31 0
50 32 1
50 33 1
50 34 0
50 35 1
50 36 1
50 37 0
50 38 1
50 39 0
50 40 1
50 41 1
50 42 1
50 43 0
50 44 0
50 45 1
50 46 0
50 47 1
50 48 0
50 49 0
50 50 0
50 51 1
50 52 0
50 53 1
50 54 1
50 55 0
50 56 1
50 57 0
50 58 0
50 59 0
50 60 1
50 61 0
50 62 0
50 63 0
50 64 0
50 65 1
50 66 1
50 67 0
50 68 1
50 69 1
50 70 0
50 71 1
50 72 0
50 73 1
50 74 0
50 75 1
50 76 1
50 77 0
50 78 0
50 79 1
50 80 0
50 81 0
50 82 1
50 83 0
50 84 0
50 85 1
50 86 1
50 87 1
50 88 0
50 89 1
50 90 0
50 91 1
50 92 1
50 93 0
50 94 1
50 95 0
50 96 1
50 97 1
50 98 1
50 99 0
50 100 1
51 0 1
51 1 1
51 2 0
51 3 1
51 4 0
51 5 1
51 6 0
51 7 1
51 8 0
51 9 1
51 10 0
51 11 0
51 12 1
51 13 1
51 14 1
51 15 0
51 16 1
51 17 1
51 18 1
51 19 0
51 20 0
51 21 0
51 22 0
51 23 1
51 24 0
51 25 1
51 26 1
51 27 0
51 28 0
51 29 1
51 30 0
51 31 0
51 32 1
51 33 0
51 34 0
51 35 0
51 36 0
51 37 1
51 38 0
51 39 0
51 40 1
51 41 1
51 42 0
51 43 0
51 44 1
51 45 0
51 46 1
51 47 0
51 48 0
51 49 0
51 50 0
51 51 1
51 52 0
51 53 0
51 54 0
51 55 0
51 56 1
51 57 0
51 58 0
51 59 0
51 60 0
51 61 0
51 62 1
51 63 0
51 64 0
51 65 0
51 66 0
51 67 0
51 68 0
51 69 0
51 70 1
51 71 1
51 72 0
51 73 1
51 74 1
51 75 1
51 76 0
51 77 1
51 78 0
51 79 0
51 80 1
51 81 1
51 82 0
51 83 0
51 84 1
51 85 1
51 86 0
51 87 1
51 88 0
51 89 1
51 90 1
51 91 0
51 92 0
51 93 0
51 94 0
51 95 0
51 96 0
51 97 0
51 98 0
51 99 0
51 100 0
52 0 0
52 1 0
52 2 0
52 3 0
52 4 0
52 5 1
52 6 0
52 7 1
52 8 1
52 9 0
52 10 0
52 11 1
52 12 1
52 13 0
52 14 0
52 15 0
52 16 1
52 17 1
52 18 1
52 19 0
52 20 1
52 21 0
52 22 1
52 23 1
52 24 0
52 25 0
52 26 0
52 27 0
52 28 0
52 29 0
52 30 0
52 31 1
52 32 1
52 33 1
52 34 1
52 35 0
52 36 0
52 37 0
52 38 1
52 39 0
52 40 0
52 41 1
52 42 0
52 43 0
52 44 1
52 45 1
52 46 0
52 47 0
52 48 1
52 49 1
52 50 1
52 51 1
52 52 0
52 53 0
52 54 0
52 55 1
52 56 0
52 57 0
52 58 1
52 59 0
52 60 1
52 61 0
52 62 0
52 63 1
52 64 0
52 65 1
52 66 0
52 67 0
52 68 0
52 69 1
52 70 0
52 71 1
52 72 1
52 73 0
52 74 0
52 75 0
52 76 0
52 77 0
52 78 0
52 79 0
52 80 0
52 81 0
52 82 1
52 83 0
52 84 0
52 85 0
52 86 0
52 87 0
52 88 0
52 89 0
52 90 1
52 91 0
52 92 1
52 93 1
52 94 0
52 95 0
52 96 0
52 97 0
52 98 0
52 99 1
52 100 0
53 0 1
53 1 0
53 2 0
53 3 1
53 4 0
53 5 0
53 6 0
53 7 1
53 8 0
53 9 1
53 10 0
53 11 0
53 12 0
53 13 0
53 14 1
53 15 1
53 16 0
53 17 0
53 18 0
53 19 1
53 20 0
53 21 0
53 22 0
53 23 0
53 24 0
53 25 1
53 26 0
53 27 1
53 28 0
53 29 0
53 30 0
53 31 1
53 32 0
53 33 0
53 34 0
53 35 0
53 36 1
53 37 1
53 38 1
53 39 0
53 40 1
53 41 0
53 42 1
53 43 1
53 44 1
53 45 1
53 46 0
53 47 0
53 48 0
53 49 0
53 50 1
53 51 0
53 52 0
53 53 1
53 54 1
53 55 0
53 56 1
53 57 0
53 58 1
53 59 1
53 60 1
53 61 0
53 62 1
53 63 1
53 64 0
53 65 0
53 66 0
53 67 1
53 68 0
53 69 1
53 70 0
53 71 0
53 72 0
53 73 0
53 74 1
53 75 0
53 76 0
53 77 0
53 78 1
53 79 1
53 80 1
53 81 0
53 82 0
53 83 0
53 84 1
53 85 0
53 86 1
53 87 0
53 88 0
53 89 0
53 90 0
53 91 1
53 92 0
53 93 0
53 94 0
53 95 0
53 96 0
53 97 0
53 98 0
53 99 0
53 100 0
54 0 0
54 1 1
54 2 0
54 3 0
54 4 1
54 5 1
54 6 0
54 7 0
54 8 0
54 9 0
54 10 0
54 11 1
54 12 1
54 13 0
54 14 0
54 15 0
54 16 0
54 17 0
54 18 0
54 19 1
54 20 0
54 21 0
54 22 0
54 23 1
54 24 0
54 25 0
54 26 0
54 27 0
54 28 1
54 29 0
54 30 0
54 31 0
54 32 1
54 33 0
54 34 1
54 35 0
54 36 1
54 37 1
54 38 1
54 39 0
54 40 0
54 41 0
54 42 0
54 43 1
54 44 0
54 45 1
54 46 1
54 47 0
54 48 0
54 49 0
54 50 1
54 51 0
54 52 1
54 53 0
54 54 1
54 55 1
54 56 1
54 57 0
54 58 0
54 59 1
54 60 0
54 61 0
54 62 0
54 63 1
54 64 0
54 65 0
54 66 0
54 67 1
54 68 0
54 69 0
54 70 1
54 71 1
54 72 0
54 73 1
54 74 0
54 75 1
54 76 1
54 77 0
54 78 1
54 79 0
54 80 1
54 81 0
54 82 0
54 83 1
54 84 0
54 85 0
54 86 1
54 87 1
54 88 1
54 89 1
54 90 0
54 91 1
54 92 0
54 93 0
54 94 1
54 95 1
54 96 1
54 97 1
54 98 1
54 99 1
54 100 1
55 0 0
55 1 0
55 2 0
55 3 1
55 4 0
55 5 0
55 6 1
55 7 1
55 8 1
55 9 0
55 10 0
55 11 0
55 12 0
55 13 0
55 14 0
55 15 0
55 16 0
55 17 1
55 18 1
55 19 0
55 20 0
55 21 0
55 22 0
55 23 1
55 24 0
55 25 0
55 26 0
55 27 1
55 28 0
55 29 0
55 30 1
55 31 0
55 32 0
55 33 0
55 34 0
55 35 1
55 36 0
55 37 0
55 38 0
55 39 0
55 40 0
55 41 1
55 42 0
55 43 1
55 44 0
55 45 0
55 46 0
55 47 0
55 48 1
55 49 1
55 50 0
55 51 0
55 52 1
55 53 0
55 54 1
55 55 1
55 56 0
55 57 0
55 58 0
55 59 0
55 60 0
55 61 1
55 62 0
55 63 0
55 64 0
55 65 1
55 66 0
55 67 0
55 68 1
55 69 0
55 70 0
55 71 0
55 72 0
55 73 0
55 74 1
55 75 1
55 76 1
55 77 1
55 78 0
55 79 0
55 80 0
55 81 1
55 82 0
55 83 0
55 84 1
55 85 0
55 86 0
55 87 1
55 88 0
55 89 0
55 90 1
55 91 0
55 92 0
55 93 0
55 94 1
55 95 0
55 96 0
55 97 0
55 98 1
55 99 0
55 100 0
56 0 0
56 1 0
56 2 0
56 3 1
56 4 0
56 5 0
56 6 0
56 7 0
56 8 1
56 9 1
56 10 0
56 11 1
56 12 1
56 13 1
56 14 0
56 15 0
56 16 1
56 17 0
56 18 1
56 19 1
56 20 0
56 21 0
56 22 0
56 23 0
56 24 0
56 25 1
56 26 0
56 27 1
56 28 0
56 29 1
56 30 1
56 31 1
56 32 1
56 33 0
56 34 0
56 35 1
56 36 1
56 37 1
56 38 0
56 39 0
56 40 0
56 41 0
56 42 0
56 43 0
56 44 0
56 45 1
56 46 0
56 47 0
56 48 0
56 49 0
56 50 0
56 51 0
56 52 1
56 53 0
56 54 1
56 55 0
56 56 0
56 57 1
56 58 0
56 59 1
56 60 0
56 61 0
56 62 0
56 63 1
56 64 0
56 65 0
56 66 0
56 67 1
56 68 0
56 69 0
56 70 0
56 71 0
56 72 1
56 73 1
56 74 1
56 75 0
56 76 0
56 77 1
56 78 0
56 79 1
56 80 0
56 81 0
56 82 1
56 83 0
56 84 1
56 85 1
56 86 0
56 87 0
56 88 1
56 89 0
56 90 1
56 91 0
56 92 0
56 93 0
56 94 0
56 95 0
56 96 0
56 97 1
56 98 0
56 99 0
56 100 0
57 0 1
57 1 1
57 2 0
57 3 1
57 4 0
57 5 0
57 6 1
57 7 0
57 8 0
57 9 1
57 10 0
57 11 1
57 12 0
57 13 0
57 14 0
57 15 0
57 16 0
57 17 0
57 18 0
57 19 1
57 20 1
57 21 1
57 22 0
57 23 0
57 24 1
57 25 1
57 26 0
57 27 0
57 28 1
57 29 0
57 30 0
57 31 1
57 32 0
57 33 1
57 34 1
57 35 0
57 36 0
57 37 0
57 38 0
57 39 1
57 40 0
57 41 1
57 42 0
57 43 1
57 44 1
57 45 0
57 46 0
57 47 0
57 48 0
57 49 1
57 50 1
57 51 1
57 52 1
57 53 0
57 54 1
57 55 0
57 56 0
57 57 0
57 58 0
57 59 0
57 60 1
57 61 0
57 62 1
57 63 1
57 64 0
57 65 0
57 66 0
57 67 1
57 68 0
57 69 0
57 70 1
57 71 0
57 72 1
57 73 0
57 74 1
57 75 0
57 76 1
57 77 0
57 78 0
57 79 1
57 80 1
57 81 0
57 82 0
57 83 1
57 84 0
57 85 0
57 86 1
57 87 0
57 88 0
57 89 1
57 90 1
57 91 0
57 92 0
57 93 0
57 94 0
57 95 0
57 96 0
57 97 0
57 98 0
57 99 0
57 100 1
58 0 0
58 1 1
58 2 1
58 3 1
58 4 1
58 5 0
58 6 1
58 7 0
58 8 0
58 9 0
58 10 1
58 11 0
58 12 1
58 13 1
58 14 1
58 15 0
58 16 0
58 17 0
58 18 0
58 19 0
58 20 0
58 21 0
58 22 1
58 23 0
58 24 1
58 25 1
58 26 0
58 27 1
58 28 0
58 29 0
58 30 0
58 31 0
58 32 0
58 33 1
58 34 0
58 35 0
58 36 1
58 37 1
58 38 1
58 39 1
58 40 0
58 41 1
58 42 1
58 43 0
58 44 1
58 45 1
58 46 1
58 47 0
58 48 0
58 49 0
58 50 0
58 51 0
58 52 0
58 53 0
58 54 0
58 55 0
58 56 1
58 57 1
58 58 0
58 59 1
58 60 1
58 61 0
58 62 0
58 63 1
58 64 1
58 65 1
58 66 0
58 67 0
58 68 0
58 69 1
58 70 1
58 71 0
58 72 1
58 73 0
58 74 0
58 75 0
58 76 0
58 77 1
58 78 0
58 79 0
58 80 0
58 81 1
58 82 0
58 83 1
58 84 0
58 85 0
58 86 0
58 87 0
58 88 0
58 89 0
58 90 1
58 91 0
58 92 1
58 93 0
58 94 0
58 95 0
58 96 0
58 97 0
58 98 0
58 99 0
58 100 0
59 0 1
59 1 0
59 2 1
59 3 0
59 4 0
59 5 0
59 6 0
59 7 1
59 8 0
59 9 1
59 10 0
59 11 0
59 12 1
59 13 1
59 14 1
59 15 0
59 16 0
59 17 0
59 18 1
59 19 1
59 20 0
59 21 0
59 22 0
59 23 0
59 24 1
59 25 1
59 26 0
59 27 1
59 28 0
59 29 0
59 30 0
59 31 0
59 32 0
59 33 0
59 34 0
59 35 0
59 36 0
59 37 0
59 38 0
59 39 0
59 40 0
59 41 0
59 42 0
59 43 0
59 44 1
59 45 1
59 46 1
59 47 0
59 48 1
59 49 1
59 50 1
59 51 0
59 52 1
59 53 1
59 54 0
59 55 0
59 56 1
59 57 1
59 58 1
59 59 0
59 60 0
59 61 0
59 62 1
59 63 1
59 64 0
59 65 0
59 66 0
59 67 0
59 68 1
59 69 0
59 70 0
59 71 0
59 72 1
59 73 0
59 74 0
59 75 1
59 76 1
59 77 0
59 78 1
59 79 1
59 80 0
59 81 0
59 82 0
59 83 0
59 84 1
59 85 1
59 86 0
59 87 1
59 88 0
59 89 0
59 90 1
59 91 0
59 92 0
59 93 0
59 94 0
59 95 0
59 96 1
59 97 1
59 98 1
59 99 0
59 100 0
60 0 1
60 1 1
60 2 0
60 3 1
60 4 0
60 5 0
60 6 0
60 7 0
60 8 0
60 9 0
60 10 0
60 11 1
60 12 1
60 13 0
60 14 1
60 15 1
60 16 1
60 17 0
60 18 0
60 19 0
60 20 0
60 21 0
60 22 1
60 23 0
60 24 0
60 25 0
60 26 1
60 27 0
60 28 1
60 29 0
60 30 0
60 31 1
60 32 0
60 33 1
60 34 0
60 35 0
60 36 0
60 37 0
60 38 1
60 39 1
60 40 0
60 41 1
60 42 1
60 43 0
60 44 1
60 45 0
60 46 1
60 47 0
60 48 1
60 49 1
60 50 0
60 51 1
60 52 0
60 53 0
60 54 0
60 55 1
60 56 1
60 57 0
60 58 1
60 59 1
60 60 0
60 61 1
60 62 0
60 63 0
60 64 0
60 65 1
60 66 1
60 67 0
60 68 0
60 69 1
60 70 0
60 71 0
60 72 0
60 73 0
60 74 0
60 75 0
60 76 1
60 77 0
60 78 1
60 79 0
60 80 0
60 81 1
60 82 1
60 83 1
60 84 1
60 85 1
60 86 0
60 87 0
60 88 1
60 89 0
60 90 0
60 91 0
60 92 1
60 93 1
60 94 0
60 95 1
60 96 1
60 97 0
60 98 0
60 99 1
60 100 1
61 0 0
61 1 0
61 2 0
61 3 1
61 4 0
61 5 1
61 6 0
61 7 1
61 8 1
61 9 1
61 10 0
61 11 1
61 12 0
61 13 1
61 14 0
61 15 0
61 16 1
61 17 0
61 18 0
61 19 0
61 20 0
61 21 0
61 22 0
61 23 0
61 24 0
61 25 0
61 26 0
61 27 1
61 28 1
61 29 0
61 30 1
61 31 0
61 32 0
61 33 1
61 34 0
61 35 0
61 36 0
61 37 1
61 38 0
61 39 0
61 40 1
61 41 0
61 42 0
61 43 0
61 44 0
61 45 0
61 46 0
61 47 0
61 48 0
61 49 0
61 50 0
61 51 1
61 52 1
61 53 1
61 54 1
61 55 1
61 56 0
61 57 0
61 58 0
61 59 0
61 60 0
61 61 1
61 62 1
61 63 1
61 64 1
61 65 0
61 66 0
61 67 1
61 68 1
61 69 1
61 70 0
61 71 1
61 72 0
61 73 0
61 74 1
61 75 1
61 76 0
61 77 0
61 78 0
61 79 0
61 80 0
61 81 0
61 82 1
61 83 0
61 84 0
61 85 0
61 86 1
61 87 0
61 88 1
61 89 0
61 90 0
61 91 0
61 92 0
61 93 0
61 94 1
61 95 0
61 96 0
61 97 1
61 98 0
61 99 0
61 100 1
62 0 1
62 1 0
62 2 0
62 3 1
62 4 1
62 5 1
62 6 1
62 7 1
62 8 0
62 9 1
62 10 1
62 11 0
62 12 0
62 13 0
62 14 0
62 15 0
62 16 1
62 17 0
62 18 1
62 19 0
62 20 1
62 21 0
62 22 1
62 23 1
62 24 0
62 25 0
62 26 0
62 27 0
62 28 0
62 29 0
62 30 0
62 31 1
62 32 1
62 33 0
62 34 1
62 35 0
62 36 0
62 37 0
62 38 0
62 39 1
62 40 1
62 41 1
62 42 0
62 43 0
62 44 0
62 45 0
62 46 0
62 47 0
62 48 0
62 49 0
62 50 0
62 51 1
62 52 0
62 53 0
62 54 1
62 55 0
62 56 0
62 57 0
62 58 0
62 59 0
62 60 1
62 61 1
62 62 1
62 63 0
62 64 0
62 65 1
62 66 0
62 67 0
62 68 1
62 69 0
62 70 0
62 71 0
62 72 0
62 73 1
62 74 0
62 75 0
62 76 1
62 77 0
62 78 0
62 79 0
62 80 0
62 81 1
62 82 0
62 83 0
62 84 1
62 85 0
62 86 0
62 87 0
62 88 0
62 89 0
62 90 0
62 91 0
62 92 0
62 93 1
62 94 1
62 95 0
62 96 0
62 97 0
62 98 0
62 99 0
62 100 0
63 0 1
63 1 0
63 2 1
63 3 0
63 4 0
63 5 1
63 6 0
63 7 0
63 8 0
63 9 0
63 10 1
63 11 1
63 12 0
63 13 0
63 14 0
63 15 0
63 16 1
63 17 0
63 18 1
63 19 1
63 20 1
63 21 0
63 22 1
63 23 0
63 24 0
63 25 0
63 26 1
63 27 1
63 28 0
63 29 1
63 30 0
63 31 0
63 32 0
63 33 0
63 34 0
63 35 0
63 36 1
63 37 0
63 38 1
63 39 0
63 40 1
63 41 1
63 42 0
63 43 0
63 44 0
63 45 0
63 46 0
63 47 1
63 48 0
63 49 1
63 50 1
63 51 1
63 52 0
63 53 0
63 54 0
63 55 0
63 56 0
63 57 0
63 58 0
63 59 1
63 60 1
63 61 0
63 62 0
63 63 0
63 64 0
63 65 0
63 66 1
63 67 0
63 68 1
63 69 0
63 70 1
63 71 0
63 72 1
63 73 0
63 74 0
63 75 1
63 76 1
63 77 0
63 78 0
63 79 0
63 80 0
63 81 0
63 82 1
63 83 0
63 84 0
63 85 0
63 86 1
63 87 0
63 88 1
63 89 1
63 90 0
63 91 1
63 92 0
63 93 1
63 94 1
63 95 1
63 96 0
63 97 0
63 98 1
63 99 0
63 100 1
64 0 0
64 1 0
64 2 0
64 3 1
64 4 0
64 5 1
64 6 0
64 7 0
64 8 0
64 9 1
64 10 0
64 11 1
64 12 0
64 13 0
64 14 1
64 15 1
64 16 1
64 17 0
64 18 0
64 19 1
64 20 1
64 21 0
64 22 0
64 23 0
64 24 1
64 25 1
64 26 0
64 27 0
64 28 1
64 29 1
64 30 0
64 31 0
64 32 0
64 33 0
64 34 0
64 35 0
64 36 1
64 37 0
64 38 0
64 39 1
64 40 0
64 41 0
64 42 0
64 43 1
64 44 0
64 45 0
64 46 1
64 47 0
64 48 0
64 49 0
64 50 0
64 51 0
64 52 1
64 53 0
64 54 1
64 55 0
64 56 0
64 57 1
64 58 1
64 59 0
64 60 0
64 61 1
64 62 0
64 63 0
64 64 0
64 65 0
64 66 0
64 67 0
64 68 1
64 69 1
64 70 0
64 71 0
64 72 0
64 73 0
64 74 0
64 75 1
64 76 0
64 77 1
64 78 0
64 79 0
64 80 1
64 81 0
64 82 0
64 83 0
64 84 0
64 85 1
64 86 1
64 87 1
64 88 0
64 89 0
64 90 0
64 91 1
64 92 0
64 93 0
64 94 0
64 95 1
64 96 0
64 97 1
64 98 1
64 99 0
64 100 0
65 0 0
65 1 1
65 2 1
65 3 0
65 4 0
65 5 0
65 6 0
65 7 0
65 8 1
65 9 0
65 10 0
65 11 0
65 12 1
65 13 0
65 14 1
65 15 1
65 16 0
65 17 0
65 18 0
65 19 0
65 20 0
65 21 1
65 22 0
65 23 1
65 24 1
65 25 0
65 26 0
65 27 0
65 28 0
65 29 0
65 30 0
65 31 0
65 32 1
65 33 1
65 34 1
65 35 0
65 36 1
65 37 0
65 38 0
65 39 0
65 40 0
65 41 0
65 42 1
65 43 0
65 44 0
65 45 0
65 46 0
65 47 0
65 48 0
65 49 1
65 50 1
65 51 0
65 52 0
65 53 1
65 54 0
65 55 0
65 56 1
65 57 0
65 58 0
65 59 0
65 60 0
65 61 0
65 62 0
65 63 1
65 64 1
65 65 0
65 66 0
65 67 0
65 68 1
65 69 0
65 70 1
65 71 1
65 72 0
65 73 1
65 74 0
65 75 1
65 76 0
65 77 0
65 78 1
65 79 0
65 80 1
65 81 0
65 82 0
65 83 0
65 84 1
65 85 0
65 86 1
65 87 0
65 88 0
65 89 1
65 90 0
65 91 0
65 92 1
65 93 1
65 94 0
65 95 0
65 96 0
65 97 0
65 98 1
65 99 1
65 100 1
66 0 0
66 1 0
66 2 0
66 3 0
66 4 0
66 5 0
66 6 1
66 7 1
66 8 0
66 9 0
66 10 1
66 11 1
66 12 0
66 13 1
66 14 1
66 15 0
66 16 1
66 17 0
66 18 0
66 19 1
66 20 0
66 21 1
66 22 0
66 23 1
66 24 0
66 25 0
66 26 0
66 27 1
66 28 1
66 29 0
66 30 0
66 31 0
66 32 1
66 33 1
66 34 0
66 35 0
66 36 0
66 37 0
66 38 0
66 39 0
66 40 0
66 41 0
66 42 0
66 43 1
66 44 0
66 45 0
66 46 1
66 47 1
66 48 1
66 49 1
66 50 1
66 51 0
66 52 0
66 53 1
66 54 1
66 55 0
66 56 0
66 57 1
66 58 0
66 59 1
66 60 0
66 61 1
66 62 0
66 63 0
66 64 1
66 65 1
66 66 0
66 67 1
66 68 0
66 69 0
66 70 1
66 71 0
66 72 0
66 73 0
66 74 0
66 75 1
66 76 1
66 77 1
66 78 0
66 79 1
66 80 0
66 81 0
66 82 0
66 83 1
66 84 0
66 85 1
66 86 0
66 87 1
66 88 1
66 89 0
66 90 1
66 91 1
66 92 0
66 93 1
66 94 0
66 95 1
66 96 0
66 97 1
66 98 1
66 99 1
66 100 1
67 0 1
67 1 1
67 2 0
67 3 1
67 4 0
67 5 0
67 6 1
67 7 0
67 8 0
67 9 0
67 10 0
67 11 0
67 12 1
67 13 0
67 14 1
67 15 0
67 16 1
67 17 1
67 18 0
67 19 1
67 20 0
67 21 0
67 22 0
67 23 0
67 24 0
67 25 0
67 26 0
67 27 0
67 28 1
67 29 0
67 30 1
67 31 1
67 32 0
67 33 1
67 34 1
67 35 0
67 36 1
67 37 0
67 38 0
67 39 1
67 40 0
67 41 0
67 42 0
67 43 0
67 44 1
67 45 0
67 46 0
67 47 0
67 48 0
67 49 0
67 50 1
67 51 1
67 52 1
67 53 0
67 54 0
67 55 0
67 56 1
67 57 0
67 58 0
67 59 1
67 60 0
67 61 0
67 62 0
67 63 0
67 64 1
67 65 0
67 66 1
67 67 0
67 68 0
67 69 0
67 70 0
67 71 1
67 72 0
67 73 1
67 74 1
67 75 1
67 76 1
67 77 0
67 78 0
67 79 0
67 80 0
67 81 1
67 82 1
67 83 0
67 84 0
67 85 1
67 86 1
67 87 0
67 88 0
67 89 1
67 90 0
67 91 0
67 92 1
67 93 1
67 94 0
67 95 0
67 96 1
67 97 0
67 98 1
67 99 1
67 100 0
68 0 1
68 1 1
68 2 1
68 3 0
68 4 1
68 5 1
68 6 0
68 7 0
68 8 0
68 9 1
68 10 0
68 11 0
68 12 0
68 13 1
68 14 0
68 15 0
68 16 1
68 17 1
68 18 1
68 19 1
68 20 0
68 21 1
68 22 0
68 23 0
68 24 0
68 25 0
68 26 0
68 27 1
68 28 1
68 29 1
68 30 0
68 31 0
68 32 0
68 33 0
68 34 1
68 35 1
68 36 1
68 37 0
68 38 0
68 39 1
68 40 0
68 41 0
68 42 0
68 43 0
68 44 0
68 45 0
68 46 0
68 47 1
68 48 1
68 49 0
68 50 1
68 51 1
68 52 0
68 53 0
68 54 1
68 55 0
68 56 0
68 57 0
68 58 0
68 59 0
68 60 0
68 61 1
68 62 1
68 63 0
68 64 0
68 65 0
68 66 0
68 67 0
68 68 0
68 69 0
68 70 0
68 71 1
68 72 0
68 73 0
68 74 0
68 75 1
68 76 1
68 77 0
68 78 1
68 79 1
68 80 1
68 81 0
68 82 0
68 83 1
68 84 1
68 85 0
68 86 1
68 87 1
68 88 0
68 89 1
68 90 0
68 91 1
68 92 0
68 93 1
68 94 1
68 95 1
68 96 1
68 97 1
68 98 1
68 99 1
68 100 1
69 0 0
69 1 1
69 2 0
69 3 0
69 4 1
69 5 0
69 6 0
69 7 0
69 8 0
69 9 1
69 10 0
69 11 0
69 12 0
69 13 0
69 14 1
69 15 1
69 16 1
69 17 1
69 18 0
69 19 1
69 20 0
69 21 1
69 22 0
69 23 0
69 24 1
69 25 0
69 26 1
69 27 0
69 28 0
69 29 1
69 30 1
69 31 0
69 32 0
69 33 0
69 34 0
69 35 0
69 36 0
69 37 1
69 38 0
69 39 0
69 40 1
69 41 0
69 42 1
69 43 0
69 44 0
69 45 1
69 46 0
69 47 0
69 48 0
69 49 1
69 50 0
69 51 0
69 52 0
69 53 1
69 54 1
69 55 0
69 56 1
69 57 0
69 58 1
69 59 1
69 60 0
69 61 0
69 62 0
69 63 0
69 64 0
69 65 0
69 66 1
69 67 0
69 68 1
69 69 0
69 70 0
69 71 0
69 72 0
69 73 0
69 74 0
69 75 1
69 76 1
69 77 0
69 78 0
69 79 0
69 80 0
69 81 1
69 82 0
69 83 0
69 84 0
69 85 1
69 86 0
69 87 1
69 88 1
69 89 1
69 90 0
69 91 1
69 92 1
69 93 0
69 94 1
69 95 0
69 96 0
69 97 0
69 98 1
69 99 0
69 100 0
70 0 0
70 1 1
70 2 0
70 3 1
70 4 0
70 5 0
70 6 0
70 7 0
70 8 0
70 9 1
70 10 0
70 11 0
70 12 0
70 13 1
70 14 0
70 15 0
70 16 1
70 17 0
70 18 0
70 19 0
70 20 1
70 21 1
70 22 1
70 23 0
70 24 1
70 25 1
70 26 1
70 27 0
70 28 0
70 29 0
70 30 1
70 31 1
70 32 0
70 33 1
70 34 1
70 35 1
70 36 0
70 37 1
70 38 1
70 39 0
70 40 1
70 41 1
70 42 0
70 43 0
70 44 1
70 45 1
70 46 1
70 47 0
70 48 0
70 49 1
70 50 0
70 51 0
70 52 0
70 53 1
70 54 1
70 55 1
70 56 0
70 57 1
70 58 0
70 59 0
70 60 0
70 61 1
70 62 1
70 63 1
70 64 0
70 65 0
70 66 0
70 67 1
70 68 1
70 69 0
70 70 1
70 71 1
70 72 0
70 73 0
70 74 1
70 75 0
70 76 1
70 77 0
70 78 0
70 79 0
70 80 1
70 81 1
70 82 1
70 83 1
70 84 0
70 85 0
70 86 0
70 87 0
70 88 0
70 89 1
70 90 1
70 91 0
70 92 0
70 93 0
70 94 1
70 95 1
70 96 1
70 97 1
70 98 0
70 99 0
70 100 0
71 0 1
71 1 1
71 2 0
71 3 0
71 4 0
71 5 1
71 6 0
71 7 0
71 8 0
71 9 0
71 10 1
71 11 1
71 12 1
71 13 0
71 14 0
71 15 0
71 16 1
71 17 1
71 18 0
71 19 0
71 20 1
71 21 0
71 22 1
71 23 0
71 24 0
71 25 1
71 26 0
71 27 1
71 28 0
71 29 1
71 30 0
71 31 0
71 32 0
71 33 1
71 34 1
71 35 1
71 36 0
71 37 1
71 38 1
71 39 0
71 40 1
71 41 1
71 42 0
71 43 0
71 44 1
71 45 0
71 46 0
71 47 0
71 48 1
71 49 1
71 50 0
71 51 0
71 52 0
71 53 0
71 54 0
71 55 1
71 56 0
71 57 0
71 58 0
71 59 0
71 60 1
71 61 0
71 62 1
71 63 1
71 64 0
71 65 0
71 66 1
71 67 0
71 68 1
71 69 1
71 70 0
71 71 0
71 72 0
71 73 1
71 74 0
71 75 1
71 76 0
71 77 1
71 78 0
71 79 1
71 80 0
71 81 1
71 82 0
71 83 0
71 84 0
71 85 1
71 86 1
71 87 0
71 88 1
71 89 1
71 90 0
71 91 0
71 92 0
71 93 0
71 94 0
71 95 0
71 96 0
71 97 1
71 98 1
71 99 1
71 100 1
72 0 0
72 1 0
72 2 0
72 3 1
72 4 1
72 5 1
72 6 1
72 7 0
72 8 0
72 9 0
72 10 1
72 11 0
72 12 0
72 13 0
72 14 0
72 15 1
72 16 0
72 17 1
72 18 1
72 19 0
72 20 0
72 21 0
72 22 1
72 23 1
72 24 0
72 25 0
72 26 1
72 27 1
72 28 0
72 29 0
72 30 0
72 31 1
72 32 0
72 33 0
72 34 1
72 35 1
72 36 0
72 37 1
72 38 0
72 39 0
72 40 0
72 41 0
72 42 1
72 43 0
72 44 0
72 45 1
72 46 0
72 47 0
72 48 1
72 49 0
72 50 1
72 51 0
72 52 0
72 53 1
72 54 1
72 55 0
72 56 0
72 57 0
72 58 1
72 59 1
72 60 0
72 61 0
72 62 0
72 63 1
72 64 1
72 65 1
72 66 0
72 67 1
72 68 0
72 69 0
72 70 1
72 71 1
72 72 1
72 73 0
72 74 0
72 75 1
72 76 0
72 77 1
72 78 1
72 79 1
72 80 0
72 81 0
72 82 0
72 83 1
72 84 1
72 85 0
72 86 1
72 87 1
72 88 1
72 89 0
72 90 1
72 91 0
72 92 0
72 93 0
72 94 1
72 95 0
72 96 0
72 97 1
72 98 0
72 99 1
72 100 0
73 0 1
73 1 0
73 2 1
73 3 0
73 4 0
73 5 0
73 6 0
73 7 1
73 8 0
73 9 1
73 10 0
73 11 0
73 12 1
73 13 1
73 14 0
73 15 0
73 16 0
73 17 1
73 18 1
73 19 1
73 20 0
73 21 1
73 22 0
73 23 1
73 24 0
73 25 0
73 26 0
73 27 0
73 28 1
73 29 1
73 30 0
73 31 0
73 32 0
73 33 0
73 34 0
73 35 0
73 36 1
73 37 1
73 38 0
73 39 1
73 40 1
73 41 0
73 42 0
73 43 0
73 44 0
73 45 0
73 46 0
73 47 0
73 48 1
73 49 0
73 50 1
73 51 1
73 52 1
73 53 0
73 54 0
73 55 1
73 56 1
73 57 0
73 58 0
73 59 0
73 60 1
73 61 1
73 62 1
73 63 0
73 64 0
73 65 0
73 66 0
73 67 0
73 68 1
73 69 0
73 70 1
73 71 0
73 72 0
73 73 1
73 74 0
73 75 1
73 76 0
73 77 0
73 78 0
73 79 0
73 80 0
73 81 0
73 82 0
73 83 0
73 84 1
73 85 1
73 86 0
73 87 1
73 88 1
73 89 0
73 90 1
73 91 0
73 92 1
73 93 0
73 94 0
73 95 1
73 96 0
73 97 0
73 98 1
73 99 1
73 100 1
74 0 0
74 1 1
74 2 0
74 3 0
74 4 0
74 5 1
74 6 0
74 7 0
74 8 1
74 9 1
74 10 0
74 11 0
74 12 0
74 13 0
74 14 0
74 15 0
74 16 1
74 17 1
74 18 0
74 19 0
74 20 0
74 21 1
74 22 1
74 23 1
74 24 0
74 25 1
74 26 0
74 27 1
74 28 1
74 29 1
74 30 0
74 31 0
74 32 1
74 33 1
74 34 0
74 35 1
74 36 1
74 37 0
74 38 1
74 39 0
74 40 1
74 41 0
74 42 1
74 43 0
74 44 0
74 45 0
74 46 0
74 47 1
74 48 0
74 49 0
74 50 0
74 51 0
74 52 1
74 53 0
74 54 1
74 55 0
74 56 1
74 57 1
74 58 0
74 59 1
74 60 1
74 61 0
74 62 0
74 63 1
74 64 0
74 65 0
74 66 0
74 67 1
74 68 0
74 69 0
74 70 0
74 71 1
74 72 0
74 73 0
74 74 0
74 75 0
74 76 0
74 77 0
74 78 0
74 79 0
74 80 0
74 81 0
74 82 1
74 83 0
74 84 0
74 85 0
74 86 0
74 87 0
74 88 0
74 89 1
74 90 0
74 91 1
74 92 0
74 93 0
74 94 0
74 95 0
74 96 0
74 97 1
74 98 1
74 99 1
74 100 0
75 0 0
75 1 0
75 2 0
75 3 1
75 4 1
75 5 0
75 6 1
75 7 0
75 8 0
75 9 1
75 10 0
75 11 0
75 12 0
75 13 1
75 14 1
75 15 1
75 16 0
75 17 0
75 18 0
75 19 0
75 20 0
75 21 0
75 22 0
75 23 0
75 24 0
75 25 1
75 26 0
75 27 0
75 28 0
75 29 0
75 30 0
75 31 0
75 32 1
75 33 1
75 34 1
75 35 1
75 36 1
75 37 0
75 38 1
75 39 1
75 40 0
75 41 1
75 42 0
75 43 0
75 44 1
75 45 0
75 46 0
75 47 1
75 48 0
75 49 1
75 50 0
75 51 1
75 52 0
75 53 0
75 54 0
75 55 0
75 56 0
75 57 0
75 58 1
75 59 0
75 60 1
75 61 0
75 62 0
75 63 0
75 64 0
75 65 0
75 66 0
75 67 1
75 68 0
75 69 1
75 70 0
75 71 0
75 72 0
75 73 1
75 74 0
75 75 0
75 76 0
75 77 0
75 78 0
75 79 0
75 80 0
75 81 0
75 82 0
75 83 1
75 84 1
75 85 0
75 86 0
75 87 0
75 88 0
75 89 0
75 90 1
75 91 1
75 92 0
75 93 0
75 94 1
75 95 0
75 96 1
75 97 0
75 98 0
75 99 1
75 100 0
76 0 0
76 1 0
76 2 1
76 3 0
76 4 0
76 5 0
76 6 0
76 7 0
76 8 0
76 9 1
76 10 1
76 11 0
76 12 1
76 13 1
76 14 1
76 15 1
76 16 0
76 17 1
76 18 1
76 19 1
76 20 0
76 21 1
76 22 1
76 23 1
76 24 0
76 25 0
76 26 1
76 27 1
76 28 0
76 29 0
76 30 1
76 31 0
76 32 1
76 33 1
76 34 1
76 35 0
76 36 1
76 37 1
76 38 0
76 39 0
76 40 1
76 41 0
76 42 1
76 43 1
76 44 1
76 45 1
76 46 0
76 47 0
76 48 0
76 49 1
76 50 1
76 51 0
76 52 0
76 53 0
76 54 0
76 55 1
76 56 1
76 57 0
76 58 0
76 59 0
76 60 0
76 61 1
76 62 1
76 63 0
76 64 1
76 65 0
76 66 0
76 67 1
76 68 1
76 69 1
76 70 1
76 71 0
76 72 1
76 73 0
76 74 0
76 75 1
76 76 0
76 77 1
76 78 1
76 79 0
76 80 1
76 81 0
76 82 1
76 83 0
76 84 1
76 85 0
76 86 0
76 87 0
76 88 0
76 89 1
76 90 1
76 91 1
76 92 0
76 93 1
76 94 0
76 95 0
76 96 0
76 97 0
76 98 1
76 99 0
76 100 1
77 0 0
77 1 0
77 2 0
77 3 0
77 4 1
77 5 1
77 6 0
77 7 0
77 8 0
77 9 0
77 10 1
77 11 0
77 12 0
77 13 0
77 14 0
77 15 0
77 16 1
77 17 1
77 18 0
77 19 0
77 20 1
77 21 0
77 22 0
77 23 1
77 24 0
77 25 1
77 26 0
77 27 0
77 28 0
77 29 1
77 30 0
77 31 0
77 32 1
77 33 1
77 34 0
77 35 1
77 36 1
77 37 0
77 38 1
77 39 1
77 40 1
77 41 1
77 42 0
77 43 1
77 44 1
77 45 1
77 46 0
77 47 0
77 48 1
77 49 0
77 50 0
77 51 0
77 52 0
77 53 0
77 54 1
77 55 1
77 56 1
77 57 0
77 58 0
77 59 0
77 60 0
77 61 0
77 62 1
77 63 0
77 64 1
77 65 1
77 66 1
77 67 1
77 68 0
77 69 1
77 70 0
77 71 0
77 72 1
77 73 0
77 74 1
77 75 0
77 76 1
77 77 0
77 78 0
77 79 0
77 80 1
77 81 0
77 82 0
77 83 1
77 84 1
77 85 1
77 86 0
77 87 1
77 88 1
77 89 0
77 90 1
77 91 0
77 92 0
77 93 0
77 94 1
77 95 1
77 96 0
77 97 0
77 98 1
77 99 0
77 100 0
78 0 0
78 1 0
78 2 0
78 3 1
78 4 0
78 5 0
78 6 0
78 7 1
78 8 1
78 9 0
78 10 0
78 11 0
78 12 0
78 13 0
78 14 1
78 15 0
78 16 0
78 17 0
78 18 0
78 19 1
78 20 0
78 21 0
78 22 0
78 23 0
78 24 0
78 25 0
78 26 1
78 27 0
78 28 0
78 29 1
78 30 1
78 31 1
78 32 0
78 33 0
78 34 0
78 35 0
78 36 1
78 37 0
78 38 1
78 39 1
78 40 1
78 41 1
78 42 0
78 43 0
78 44 0
78 45 0
78 46 1
78 47 0
78 48 0
78 49 0
78 50 0
78 51 1
78 52 1
78 53 0
78 54 0
78 55 1
78 56 1
78 57 0
78 58 0
78 59 1
78 60 0
78 61 1
78 62 0
78 63 1
78 64 0
78 65 0
78 66 0
78 67 0
78 68 1
78 69 0
78 70 1
78 71 1
78 72 1
78 73 1
78 74 1
78 75 0
78 76 0
78 77 0
78 78 1
78 79 0
78 80 1
78 81 0
78 82 0
78 83 0
78 84 0
78 85 1
78 86 0
78 87 0
78 88 0
78 89 0
78 90 0
78 91 1
78 92 0
78 93 0
78 94 0
78 95 0
78 96 1
78 97 0
78 98 0
78 99 0
78 100 0
79 0 0
79 1 0
79 2 1
79 3 0
79 4 0
79 5 0
79 6 1
79 7 0
79 8 0
79 9 0
79 10 0
79 11 0
79 12 0
79 13 1
79 14 1
79 15 0
79 16 0
79 17 1
79 18 0
79 19 0
79 20 0
79 21 1
79 22 1
79 23 0
79 24 1
79 25 0
79 26 0
79 27 0
79 28 1
79 29 1
79 30 1
79 31 0
79 32 0
79 33 0
79 34 0
79 35 0
79 36 0
79 37 0
79 38 0
79 39 1
79 40 0
79 41 1
79 42 0
79 43 0
79 44 0
79 45 0
79 46 0
79 47 1
79 48 1
79 49 0
79 50 1
79 51 0
79 52 1
79 53 1
79 54 0
79 55 1
79 56 0
79 57 0
79 58 1
79 59 1
79 60 0
79 61 1
79 62 0
79 63 1
79 64 0
79 65 0
79 66 0
79 67 1
79 68 1
79 69 0
79 70 0
79 71 0
79 72 0
79 73 0
79 74 1
79 75 1
79 76 0
79 77 1
79 78 0
79 79 0
79 80 0
79 81 0
79 82 1
79 83 1
79 84 1
79 85 0
79 86 1
79 87 0
79 88 1
79 89 0
79 90 0
79 91 1
79 92 0
79 93 0
79 94 1
79 95 0
79 96 0
79 97 0
79 98 0
79 99 0
79 100 0
80 0 0
80 1 0
80 2 0
80 3 1
80 4 1
80 5 0
80 6 1
80 7 0
80 8 0
80 9 0
80 10 1
80 11 0
80 12 1
80 13 0
80 14 0
80 15 1
80 16 0
80 17 0
80 18 0
80 19 1
80 20 0
80 21 0
80 22 1
80 23 1
80 24 1
80 25 0
80 26 1
80 27 0
80 28 0
80 29 0
80 30 1
80 31 1
80 32 0
80 33 1
80 34 1
80 35 1
80 36 0
80 37 1
80 38 0
80 39 0
80 40 0
80 41 1
80 42 1
80 43 0
80 44 1
80 45 0
80 46 1
80 47 0
80 48 1
80 49 1
80 50 0
80 51 0
80 52 0
80 53 0
80 54 0
80 55 1
80 56 0
80 57 0
80 58 1
80 59 1
80 60 0
80 61 1
80 62 1
80 63 0
80 64 0
80 65 0
80 66 1
80 67 1
80 68 0
80 69 1
80 70 1
80 71 1
80 72 0
80 73 0
80 74 0
80 75 0
80 76 1
80 77 0
80 78 0
80 79 0
80 80 0
80 81 1
80 82 0
80 83 0
80 84 0
80 85 0
80 86 0
80 87 0
80 88 0
80 89 1
80 90 1
80 91 0
80 92 0
80 93 0
80 94 1
80 95 0
80 96 0
80 97 0
80 98 1
80 99 0
80 100 0
81 0 0
81 1 0
81 2 1
81 3 1
81 4 0
81 5 0
81 6 0
81 7 0
81 8 0
81 9 1
81 10 0
81 11 1
81 12 1
81 13 1
81 14 0
81 15 0
81 16 1
81 17 1
81 18 0
81 19 1
81 20 1
81 21 0
81 22 0
81 23 1
81 24 1
81 25 0
81 26 0
81 27 0
81 28 0
81 29 0
81 30 0
81 31 1
81 32 0
81 33 0
81 34 0
81 35 1
81 36 0
81 37 0
81 38 1
81 39 1
81 40 1
81 41 0
81 42 0
81 43 0
81 44 1
81 45 1
81 46 1
81 47 0
81 48 0
81 49 0
81 50 0
81 51 1
81 52 0
81 53 0
81 54 1
81 55 0
81 56 0
81 57 1
81 58 1
81 59 0
81 60 1
81 61 0
81 62 1
81 63 0
81 64 0
81 65 1
81 66 1
81 67 0
81 68 1
81 69 0
81 70 0
81 71 1
81 72 0
81 73 0
81 74 0
81 75 0
81 76 0
81 77 0
81 78 1
81 79 1
81 80 0
81 81 1
81 82 1
81 83 0
81 84 1
81 85 1
81 86 1
81 87 0
81 88 1
81 89 1
81 90 1
81 91 0
81 92 1
81 93 0
81 94 0
81 95 0
81 96 0
81 97 1
81 98 1
81 99 1
81 100 1
82 0 1
82 1 0
82 2 0
82 3 0
82 4 0
82 5 0
82 6 0
82 7 1
82 8 0
82 9 1
82 10 0
82 11 1
82 12 0
82 13 0
82 14 0
82 15 1
82 16 1
82 17 0
82 18 1
82 19 1
82 20 0
82 21 0
82 22 1
82 23 0
82 24 0
82 25 1
82 26 1
82 27 0
82 28 0
82 29 0
82 30 1
82 31 0
82 32 1
82 33 1
82 34 1
82 35 0
82 36 0
82 37 0
82 38 0
82 39 0
82 40 1
82 41 0
82 42 1
82 43 0
82 44 1
82 45 1
82 46 1
82 47 0
82 48 0
82 49 0
82 50 0
82 51 1
82 52 1
82 53 0
82 54 0
82 55 1
82 56 0
82 57 1
82 58 0
82 59 1
82 60 0
82 61 0
82 62 0
82 63 0
82 64 0
82 65 1
82 66 1
82 67 0
82 68 0
82 69 0
82 70 0
82 71 1
82 72 1
82 73 0
82 74 1
82 75 0
82 76 1
82 77 1
82 78 0
82 79 1
82 80 0
82 81 1
82 82 0
82 83 1
82 84 0
82 85 0
82 86 0
82 87 0
82 88 1
82 89 1
82 90 0
82 91 0
82 92 1
82 93 0
82 94 0
82 95 0
82 96 0
82 97 0
82 98 0
82 99 1
82 100 0
83 0 0
83 1 0
83 2 0
83 3 1
83 4 0
83 5 0
83 6 0
83 7 1
83 8 0
83 9 1
83 10 0
83 11 0
83 12 0
83 13 0
83 14 1
83 15 0
83 16 1
83 17 0
83 18 0
83 19 0
83 20 1
83 21 1
83 22 1
83 23 0
83 24 0
83 25 0
83 26 0
83 27 1
83 28 0
83 29 0
83 30 0
83 31 1
83 32 0
83 33 1
83 34 0
83 35 0
83 36 1
83 37 0
83 38 0
83 39 0
83 40 0
83 41 0
83 42 1
83 43 0
83 44 0
83 45 1
83 46 0
83 47 0
83 48 0
83 49 1
83 50 1
83 51 1
83 52 1
83 53 1
83 54 1
83 55 1
83 56 0
83 57 0
83 58 0
83 59 1
83 60 0
83 61 0
83 62 1
83 63 0
83 64 1
83 65 0
83 66 0
83 67 0
83 68 0
83 69 0
83 70 1
83 71 0
83 72 0
83 73 0
83 74 1
83 75 1
83 76 0
83 77 0
83 78 1
83 79 0
83 80 1
83 81 0
83 82 0
83 83 0
83 84 1
83 85 0
83 86 1
83 87 0
83 88 1
83 89 0
83 90 0
83 91 0
83 92 1
83 93 0
83 94 0
83 95 0
83 96 0
83 97 1
83 98 0
83 99 0
83 100 0
84 0 0
84 1 0
84 2 0
84 3 1
84 4 1
84 5 0
84 6 1
84 7 1
84 8 1
84 9 0
84 10 0
84 11 1
84 12 0
84 13 1
84 14 0
84 15 0
84 16 0
84 17 1
84 18 1
84 19 0
84 20 0
84 21 0
84 22 0
84 23 1
84 24 1
84 25 1
84 26 1
84 27 1
84 28 0
84 29 1
84 30 0
84 31 1
84 32 1
84 33 0
84 34 0
84 35 0
84 36 0
84 37 1
84 38 0
84 39 0
84 40 1
84 41 1
84 42 0
84 43 0
84 44 0
84 45 0
84 46 1
84 47 0
84 48 1
84 49 0
84 50 0
84 51 1
84 52 0
84 53 1
84 54 1
84 55 0
84 56 1
84 57 1
84 58 0
84 59 0
84 60 0
84 61 1
84 62 1
84 63 0
84 64 0
84 65 1
84 66 0
84 67 0
84 68 0
84 69 1
84 70 1
84 71 0
84 72 1
84 73 1
84 74 0
84 75 0
84 76 1
84 77 0
84 78 1
84 79 0
84 80 1
84 81 1
84 82 0
84 83 1
84 84 1
84 85 1
84 86 0
84 87 0
84 88 0
84 89 0
84 90 0
84 91 1
84 92 0
84 93 0
84 94 1
84 95 1
84 96 1
84 97 0
84 98 0
84 99 0
84 100 0
85 0 1
85 1 0
85 2 0
85 3 1
85 4 0
85 5 1
85 6 0
85 7 0
85 8 0
85 9 0
85 10 0
85 11 1
85 12 0
85 13 1
85 14 1
85 15 1
85 16 1
85 17 0
85 18 0
85 19 0
85 20 0
85 21 0
85 22 0
85 23 0
85 24 0
85 25 0
85 26 1
85 27 1
85 28 0
85 29 1
85 30 0
85 31 0
85 32 0
85 33 0
85 34 1
85 35 0
85 36 1
85 37 0
85 38 0
85 39 0
85 40 0
85 41 1
85 42 0
85 43 0
85 44 0
85 45 1
85 46 0
85 47 1
85 48 0
85 49 1
85 50 0
85 51 0
85 52 1
85 53 1
85 54 0
85 55 0
85 56 1
85 57 1
85 58 0
85 59 0
85 60 1
85 61 0
85 62 1
85 63 0
85 64 1
85 65 0
85 66 0
85 67 0
85 68 0
85 69 0
85 70 0
85 71 1
85 72 1
85 73 0
85 74 1
85 75 1
85 76 0
85 77 1
85 78 0
85 79 0
85 80 0
85 81 1
85 82 1
85 83 0
85 84 0
85 85 1
85 86 0
85 87 0
85 88 1
85 89 0
85 90 0
85 91 0
85 92 0
85 93 1
85 94 1
85 95 1
85 96 0
85 97 0
85 98 0
85 99 1
85 100 0
86 0 0
86 1 1
86 2 0
86 3 0
86 4 1
86 5 0
86 6 1
86 7 0
86 8 0
86 9 0
86 10 0
86 11 0
86 12 0
86 13 0
86 14 1
86 15 0
86 16 1
86 17 1
86 18 0
86 19 1
86 20 1
86 21 0
86 22 1
86 23 0
86 24 0
86 25 1
86 26 1
86 27 1
86 28 1
86 29 0
86 30 0
86 31 0
86 32 0
86 33 1
86 34 0
86 35 0
86 36 1
86 37 1
86 38 1
86 39 1
86 40 0
86 41 0
86 42 1
86 43 0
86 44 0
86 45 1
86 46 1
86 47 1
86 48 1
86 49 1
86 50 0
86 51 1
86 52 1
86 53 0
86 54 1
86 55 0
86 56 0
86 57 0
86 58 1
86 59 0
86 60 0
86 61 0
86 62 0
86 63 0
86 64 1
86 65 0
86 66 1
86 67 0
86 68 1
86 69 1
86 70 0
86 71 0
86 72 0
86 73 0
86 74 0
86 75 0
86 76 1
86 77 1
86 78 0
86 79 0
86 80 1
86 81 1
86 82 0
86 83 0
86 84 0
86 85 0
86 86 0
86 87 0
86 88 0
86 89 0
86 90 1
86 91 1
86 92 0
86 93 0
86 94 0
86 95 0
86 96 0
86 97 1
86 98 0
86 99 0
86 100 0
87 0 0
87 1 1
87 2 0
87 3 0
87 4 0
87 5 1
87 6 0
87 7 0
87 8 1
87 9 0
87 10 0
87 11 1
87 12 1
87 13 0
87 14 1
87 15 0
87 16 0
87 17 0
87 18 0
87 19 1
87 20 0
87 21 1
87 22 1
87 23 1
87 24 1
87 25 1
87 26 1
87 27 0
87 28 0
87 29 0
87 30 0
87 31 0
87 32 1
87 33 0
87 34 1
87 35 0
87 36 0
87 37 1
87 38 1
87 39 0
87 40 0
87 41 0
87 42 1
87 43 0
87 44 1
87 45 1
87 46 0
87 47 0
87 48 0
87 49 0
87 50 1
87 51 0
87 52 0
87 53 1
87 54 0
87 55 0
87 56 1
87 57 1
87 58 0
87 59 0
87 60 1
87 61 1
87 62 1
87 63 1
87 64 0
87 65 1
87 66 0
87 67 1
87 68 0
87 69 0
87 70 0
87 71 0
87 72 1
87 73 1
87 74 0
87 75 0
87 76 1
87 77 0
87 78 1
87 79 0
87 80 0
87 81 1
87 82 0
87 83 0
87 84 0
87 85 0
87 86 0
87 87 0
87 88 1
87 89 1
87 90 1
87 91 0
87 92 0
87 93 0
87 94 1
87 95 0
87 96 0
87 97 0
87 98 0
87 99 0
87 100 1
88 0 0
88 1 1
88 2 1
88 3 1
88 4 1
88 5 0
88 6 1
88 7 0
88 8 0
88 9 0
88 10 1
88 11 1
88 12 1
88 13 0
88 14 0
88 15 0
88 16 1
88 17 0
88 18 1
88 19 0
88 20 1
88 21 1
88 22 0
88 23 0
88 24 0
88 25 0
88 26 0
88 27 0
88 28 0
88 29 0
88 30 0
88 31 0
88 32 1
88 33 0
88 34 0
88 35 0
88 36 1
88 37 0
88 38 1
88 39 0
88 40 0
88 41 0
88 42 0
88 43 1
88 44 0
88 45 1
88 46 0
88 47 0
88 48 1
88 49 0
88 50 1
88 51 1
88 52 1
88 53 1
88 54 1
88 55 1
88 56 0
88 57 0
88 58 0
88 59 0
88 60 1
88 61 1
88 62 1
88 63 0
88 64 0
88 65 1
88 66 1
88 67 1
88 68 0
88 69 0
88 70 0
88 71 1
88 72 0
88 73 0
88 74 0
88 75 1
88 76 1
88 77 0
88 78 0
88 79 0
88 80 1
88 81 0
88 82 1
88 83 0
88 84 1
88 85 0
88 86 0
88 87 1
88 88 0
88 89 1
88 90 0
88 91 0
88 92 1
88 93 1
88 94 0
88 95 1
88 96 0
88 97 1
88 98 1
88 99 0
88 100 1
89 0 1
89 1 0
89 2 0
89 3 0
89 4 0
89 5 0
89 6 1
89 7 1
89 8 1
89 9 1
89 10 0
89 11 1
89 12 1
89 13 0
89 14 0
89 15 0
89 16 0
89 17 0
89 18 0
89 19 1
89 20 0
89 21 0
89 22 0
89 23 0
89 24 0
89 25 0
89 26 0
89 27 0
89 28 0
89 29 0
89 30 1
89 31 0
89 32 0
89 33 0
89 34 0
89 35 0
89 36 0
89 37 1
89 38 0
89 39 0
89 40 1
89 41 1
89 42 1
89 43 0
89 44 1
89 45 0
89 46 0
89 47 1
89 48 0
89 49 0
89 50 0
89 51 1
89 52 1
89 53 0
89 54 0
89 55 0
89 56 0
89 57 0
89 58 1
89 59 0
89 60 0
89 61 1
89 62 0
89 63 1
89 64 1
89 65 0
89 66 0
89 67 0
89 68 0
89 69 1
89 70 0
89 71 1
89 72 0
89 73 1
89 74 0
89 75 0
89 76 1
89 77 0
89 78 0
89 79 1
89 80 0
89 81 0
89 82 0
89 83 1
89 84 0
89 85 1
89 86 0
89 87 0
89 88 0
89 89 0
89 90 0
89 91 0
89 92 0
89 93 0
89 94 0
89 95 0
89 96 1
89 97 0
89 98 0
89 99 0
89 100 0
90 0 0
90 1 0
90 2 0
90 3 0
90 4 0
90 5 0
90 6 1
90 7 0
90 8 0
90 9 0
90 10 0
90 11 1
90 12 0
90 13 0
90 14 0
90 15 0
90 16 0
90 17 1
90 18 0
90 19 0
90 20 1
90 21 0
90 22 0
90 23 0
90 24 0
90 25 1
90 26 0
90 27 0
90 28 1
90 29 1
90 30 0
90 31 0
90 32 0
90 33 0
90 34 0
90 35 1
90 36 0
90 37 0
90 38 0
90 39 1
90 40 0
90 41 0
90 42 0
90 43 0
90 44 1
90 45 0
90 46 0
90 47 0
90 48 1
90 49 0
90 50 1
90 51 0
90 52 0
90 53 1
90 54 0
90 55 0
90 56 0
90 57 0
90 58 0
90 59 0
90 60 0
90 61 1
90 62 0
90 63 1
90 64 0
90 65 0
90 66 0
90 67 1
90 68 0
90 69 0
90 70 0
90 71 1
90 72 1
90 73 0
90 74 0
90 75 1
90 76 1
90 77 0
90 78 0
90 79 0
90 80 0
90 81 1
90 82 1
90 83 1
90 84 1
90 85 0
90 86 1
90 87 1
90 88 0
90 89 0
90 90 1
90 91 0
90 92 0
90 93 0
90 94 1
90 95 1
90 96 0
90 97 0
90 98 1
90 99 0
90 100 1
91 0 0
91 1 0
91 2 0
91 3 0
91 4 0
91 5 0
91 6 0
91 7 1
91 8 1
91 9 0
91 10 1
91 11 0
91 12 0
91 13 0
91 14 0
91 15 1
91 16 1
91 17 1
91 18 0
91 19 0
91 20 0
91 21 0
91 22 0
91 23 0
91 24 0
91 25 0
91 26 1
91 27 1
91 28 1
91 29 0
91 30 1
91 31 0
91 32 0
91 33 0
91 34 0
91 35 0
91 36 1
91 37 1
91 38 0
91 39 1
91 40 0
91 41 0
91 42 0
91 43 0
91 44 1
91 45 0
91 46 1
91 47 0
91 48 1
91 49 0
91 50 1
91 51 0
91 52 1
91 53 0
91 54 0
91 55 1
91 56 0
91 57 0
91 58 1
91 59 1
91 60 1
91 61 0
91 62 1
91 63 0
91 64 1
91 65 0
91 66 0
91 67 0
91 68 0
91 69 0
91 70 0
91 71 0
91 72 1
91 73 0
91 74 0
91 75 0
91 76 0
91 77 0
91 78 0
91 79 0
91 80 1
91 81 1
91 82 0
91 83 1
91 84 1
91 85 0
91 86 1
91 87 1
91 88 0
91 89 0
91 90 0
91 91 0
91 92 1
91 93 1
91 94 0
91 95 1
91 96 0
91 97 0
91 98 0
91 99 1
91 100 1
92 0 1
92 1 0
92 2 1
92 3 0
92 4 0
92 5 0
92 6 0
92 7 0
92 8 1
92 9 0
92 10 0
92 11 0
92 12 0
92 13 1
92 14 0
92 15 1
92 16 1
92 17 0
92 18 1
92 19 1
92 20 1
92 21 1
92 22 0
92 23 0
92 24 1
92 25 0
92 26 1
92 27 0
92 28 0
92 29 0
92 30 0
92 31 1
92 32 0
92 33 0
92 34 0
92 35 1
92 36 0
92 37 1
92 38 0
92 39 1
92 40 1
92 41 0
92 42 1
92 43 0
92 44 0
92 45 1
92 46 1
92 47 0
92 48 1
92 49 1
92 50 0
92 51 0
92 52 1
92 53 1
92 54 1
92 55 0
92 56 0
92 57 1
92 58 1
92 59 0
92 60 1
92 61 1
92 62 1
92 63 0
92 64 0
92 65 0
92 66 0
92 67 0
92 68 1
92 69 1
92 70 0
92 71 0
92 72 0
92 73 1
92 74 0
92 75 0
92 76 1
92 77 1
92 78 0
92 79 1
92 80 0
92 81 0
92 82 0
92 83 1
92 84 0
92 85 0
92 86 1
92 87 1
92 88 0
92 89 0
92 90 1
92 91 0
92 92 1
92 93 1
92 94 0
92 95 1
92 96 1
92 97 0
92 98 1
92 99 0
92 100 0
93 0 1
93 1 0
93 2 0
93 3 0
93 4 0
93 5 1
93 6 1
93 7 1
93 8 1
93 9 0
93 10 1
93 11 1
93 12 0
93 13 1
93 14 0
93 15 1
93 16 0
93 17 0
93 18 0
93 19 0
93 20 0
93 21 0
93 22 1
93 23 0
93 24 1
93 25 1
93 26 0
93 27 0
93 28 0
93 29 1
93 30 0
93 31 0
93 32 0
93 33 1
93 34 0
93 35 1
93 36 1
93 37 1
93 38 1
93 39 1
93 40 0
93 41 0
93 42 1
93 43 1
93 44 0
93 45 0
93 46 1
93 47 1
93 48 0
93 49 0
93 50 0
93 51 0
93 52 0
93 53 1
93 54 1
93 55 1
93 56 0
93 57 1
93 58 1
93 59 0
93 60 0
93 61 0
93 62 0
93 63 0
93 64 0
93 65 0
93 66 1
93 67 0
93 68 1
93 69 1
93 70 0
93 71 0
93 72 0
93 73 1
93 74 0
93 75 0
93 76 0
93 77 1
93 78 0
93 79 0
93 80 0
93 81 1
93 82 1
93 83 0
93 84 0
93 85 1
93 86 0
93 87 0
93 88 0
93 89 1
93 90 1
93 91 1
93 92 1
93 93 0
93 94 0
93 95 0
93 96 1
93 97 0
93 98 1
93 99 1
93 100 0
94 0 0
94 1 0
94 2 1
94 3 1
94 4 1
94 5 1
94 6 1
94 7 0
94 8 0
94 9 1
94 10 0
94 11 0
94 12 0
94 13 0
94 14 0
94 15 1
94 16 0
94 17 0
94 18 1
94 19 1
94 20 1
94 21 0
94 22 0
94 23 0
94 24 0
94 25 0
94 26 0
94 27 1
94 28 0
94 29 1
94 30 0
94 31 1
94 32 0
94 33 0
94 34 0
94 35 0
94 36 1
94 37 0
94 38 1
94 39 0
94 40 0
94 41 1
94 42 1
94 43 0
94 44 0
94 45 1
94 46 1
94 47 1
94 48 0
94 49 1
94 50 0
94 51 1
94 52 1
94 53 1
94 54 1
94 55 1
94 56 0
94 57 1
94 58 1
94 59 0
94 60 0
94 61 0
94 62 0
94 63 0
94 64 1
94 65 1
94 66 1
94 67 0
94 68 0
94 69 0
94 70 0
94 71 1
94 72 0
94 73 0
94 74 0
94 75 1
94 76 0
94 77 1
94 78 0
94 79 1
94 80 1
94 81 0
94 82 0
94 83 1
94 84 1
94 85 0
94 86 1
94 87 0
94 88 1
94 89 0
94 90 1
94 91 0
94 92 1
94 93 0
94 94 1
94 95 0
94 96 0
94 97 1
94 98 0
94 99 0
94 100 0
95 0 0
95 1 1
95 2 1
95 3 1
95 4 0
95 5 1
95 6 0
95 7 0
95 8 0
95 9 1
95 10 1
95 11 0
95 12 1
95 13 0
95 14 1
95 15 1
95 16 0
95 17 0
95 18 1
95 19 0
95 20 0
95 21 1
95 22 1
95 23 0
95 24 0
95 25 1
95 26 0
95 27 0
95 28 0
95 29 1
95 30 0
95 31 0
95 32 1
95 33 1
95 34 1
95 35 0
95 36 0
95 37 0
95 38 1
95 39 0
95 40 1
95 41 0
95 42 0
95 43 0
95 44 0
95 45 0
95 46 1
95 47 1
95 48 1
95 49 0
95 50 0
95 51 1
95 52 0
95 53 1
95 54 0
95 55 0
95 56 0
95 57 0
95 58 0
95 59 1
95 60 0
95 61 1
95 62 0
95 63 1
95 64 0
95 65 0
95 66 0
95 67 0
95 68 0
95 69 0
95 70 0
95 71 0
95 72 0
95 73 1
95 74 1
95 75 1
95 76 0
95 77 0
95 78 1
95 79 1
95 80 0
95 81 1
95 82 0
95 83 1
95 84 1
95 85 0
95 86 1
95 87 1
95 88 0
95 89 0
95 90 0
95 91 0
95 92 0
95 93 1
95 94 0
95 95 0
95 96 0
95 97 0
95 98 0
95 99 0
95 100 1
96 0 1
96 1 0
96 2 0
96 3 0
96 4 0
96 5 1
96 6 0
96 7 0
96 8 1
96 9 0
96 10 0
96 11 0
96 12 0
96 13 1
96 14 0
96 15 0
96 16 1
96 17 0
96 18 0
96 19 0
96 20 1
96 21 0
96 22 0
96 23 0
96 24 1
96 25 1
96 26 0
96 27 1
96 28 0
96 29 0
96 30 0
96 31 0
96 32 0
96 33 0
96 34 0
96 35 1
96 36 1
96 37 0
96 38 1
96 39 0
96 40 0
96 41 0
96 42 0
96 43 0
96 44 0
96 45 1
96 46 0
96 47 1
96 48 1
96 49 1
96 50 0
96 51 0
96 52 1
96 53 1
96 54 0
96 55 1
96 56 1
96 57 1
96 58 1
96 59 0
96 60 0
96 61 0
96 62 0
96 63 0
96 64 0
96 65 0
96 66 1
96 67 0
96 68 0
96 69 0
96 70 0
96 71 1
96 72 1
96 73 0
96 74 1
96 75 1
96 76 0
96 77 0
96 78 1
96 79 0
96 80 0
96 81 0
96 82 1
96 83 1
96 84 1
96 85 1
96 86 0
96 87 0
96 88 1
96 89 0
96 90 1
96 91 1
96 92 0
96 93 1
96 94 0
96 95 0
96 96 0
96 97 0
96 98 0
96 99 0
96 100 0
97 0 1
97 1 1
97 2 0
97 3 1
97 4 1
97 5 0
97 6 0
97 7 1
97 8 1
97 9 0
97 10 1
97 11 1
97 12 1
97 13 1
97 14 1
97 15 0
97 16 1
97 17 1
97 18 1
97 19 0
97 20 0
97 21 0
97 22 0
97 23 1
97 24 1
97 25 1
97 26 1
97 27 0
97 28 0
97 29 0
97 30 0
97 31 0
97 32 0
97 33 0
97 34 0
97 35 0
97 36 1
97 37 0
97 38 0
97 39 0
97 40 0
97 41 1
97 42 0
97 43 0
97 44 1
97 45 0
97 46 1
97 47 1
97 48 0
97 49 0
97 50 1
97 51 0
97 52 0
97 53 0
97 54 1
97 55 0
97 56 0
97 57 0
97 58 1
97 59 0
97 60 0
97 61 1
97 62 0
97 63 0
97 64 0
97 65 0
97 66 0
97 67 0
97 68 1
97 69 1
97 70 0
97 71 0
97 72 1
97 73 0
97 74 0
97 75 1
97 76 0
97 77 0
97 78 1
97 79 1
97 80 0
97 81 0
97 82 0
97 83 1
97 84 0
97 85 0
97 86 0
97 87 1
97 88 0
97 89 0
97 90 0
97 91 1
97 92 0
97 93 0
97 94 1
97 95 0
97 96 0
97 97 0
97 98 0
97 99 1
97 100 1
98 0 0
98 1 1
98 2 1
98 3 0
98 4 0
98 5 0
98 6 0
98 7 1
98 8 0
98 9 0
98 10 0
98 11 1
98 12 1
98 13 0
98 14 0
98 15 0
98 16 0
98 17 1
98 18 1
98 19 0
98 20 0
98 21 0
98 22 0
98 23 1
98 24 0
98 25 0
98 26 1
98 27 0
98 28 0
98 29 0
98 30 1
98 31 0
98 32 1
98 33 1
98 34 1
98 35 0
98 36 0
98 37 0
98 38 1
98 39 0
98 40 0
98 41 0
98 42 0
98 43 1
98 44 0
98 45 1
98 46 0
98 47 0
98 48 1
98 49 0
98 50 0
98 51 0
98 52 0
98 53 1
98 54 0
98 55 0
98 56 1
98 57 0
98 58 0
98 59 1
98 60 0
98 61 1
98 62 0
98 63 0
98 64 0
98 65 0
98 66 0
98 67 1
98 68 0
98 69 0
98 70 0
98 71 0
98 72 0
98 73 0
98 74 0
98 75 1
98 76 0
98 77 0
98 78 1
98 79 0
98 80 0
98 81 1
98 82 1
98 83 1
98 84 0
98 85 0
98 86 0
98 87 1
98 88 0
98 89 1
98 90 0
98 91 1
98 92 0
98 93 0
98 94 0
98 95 0
98 96 1
98 97 1
98 98 0
98 99 0
98 100 1
99 0 0
99 1 1
99 2 0
99 3 1
99 4 0
99 5 0
99 6 0
99 7 1
99 8 0
99 9 0
99 10 1
99 11 0
99 12 0
99 13 0
99 14 0
99 15 0
99 16 0
99 17 1
99 18 0
99 19 0
99 20 0
99 21 1
99 22 1
99 23 0
99 24 0
99 25 1
99 26 1
99 27 1
99 28 0
99 29 0
99 30 1
99 31 0
99 32 1
99 33 1
99 34 0
99 35 0
99 36 1
99 37 1
99 38 0
99 39 0
99 40 0
99 41 1
99 42 0
99 43 0
99 44 0
99 45 0
99 46 0
99 47 0
99 48 0
99 49 1
99 50 1
99 51 0
99 52 0
99 53 1
99 54 0
99 55 1
99 56 0
99 57 0
99 58 1
99 59 1
99 60 1
99 61 0
99 62 0
99 63 0
99 64 0
99 65 1
99 66 0
99 67 0
99 68 1
99 69 0
99 70 0
99 71 1
99 72 0
99 73 1
99 74 1
99 75 0
99 76 1
99 77 1
99 78 1
99 79 0
99 80 0
99 81 0
99 82 0
99 83 0
99 84 1
99 85 0
99 86 0
99 87 1
99 88 0
99 89 0
99 90 1
99 91 0
99 92 0
99 93 0
99 94 1
99 95 0
99 96 1
99 97 1
99 98 0
99 99 1
99 100 0
100 0 0
100 1 0
100 2 0
100 3 1
100 4 0
100 5 0
100 6 0
100 7 0
100 8 1
100 9 0
100 10 0
100 11 1
100 12 0
100 13 0
100 14 0
100 15 1
100 16 0
100 17 0
100 18 0
100 19 1
100 20 1
100 21 0
100 22 1
100 23 1
100 24 0
100 25 0
100 26 0
100 27 0
100 28 0
100 29 1
100 30 1
100 31 0
100 32 0
100 33 0
100 34 1
100 35 0
100 36 1
100 37 0
100 38 0
100 39 1
100 40 1
100 41 1
100 42 0
100 43 0
100 44 0
100 45 0
100 46 0
100 47 0
100 48 0
100 49 0
100 50 0
100 51 0
100 52 1
100 53 0
100 54 0
100 55 0
100 56 1
100 57 0
100 58 1
100 59 0
100 60 0
100 61 0
100 62 1
100 63 1
100 64 1
100 65 0
100 66 0
100 67 0
100 68 0
100 69 0
100 70 0
100 71 1
100 72 1
100 73 0
100 74 1
100 75 1
100 76 1
100 77 0
100 78 0
100 79 0
100 80 0
100 81 0
100 82 0
100 83 1
100 84 0
100 85 0
100 86 1
100 87 1
100 88 1
100 89 1
100 90 0
100 91 0
100 92 0
100 93 0
100 94 0
100 95 0
100 96 1
100 97 0
100 98 0
100 99 1
100 100 1
