0 0 0
0 1 1
0 2 0
0 3 0
0 4 0
0 5 0
0 6 0
0 7 1
0 8 1
0 9 1
0 10 1
0 11 0
0 12 0
0 13 0
0 14 0
0 15 1
0 16 0
0 17 0
0 18 1
0 19 0
0 20 0
0 21 1
0 22 1
0 23 1
0 24 0
0 25 0
0 26 1
0 27 1
0 28 0
0 29 0
0 30 0
0 31 1
0 32 1
0 33 1
0 34 1
0 35 0
0 36 0
0 37 0
0 38 0
0 39 0
0 40 1
0 41 1
0 42 0
0 43 1
0 44 1
0 45 0
0 46 1
0 47 1
0 48 1
0 49 0
0 50 0
0 51 1
0 52 0
0 53 1
0 54 0
0 55 0
0 56 0
0 57 0
0 58 0
0 59 0
0 60 1
0 61 1
0 62 0
0 63 0
0 64 0
0 65 1
0 66 0
0 67 1
0 68 1
0 69 1
0 70 0
0 71 1
0 72 1
0 73 0
0 74 1
0 75 1
0 76 0
0 77 1
0 78 0
0 79 1
0 80 1
0 81 1
0 82 0
0 83 0
0 84 0
0 85 1
0 86 0
0 87 1
0 88 0
0 89 1
0 90 1
0 91 0
0 92 0
0 93 1
0 94 0
0 95 1
0 96 0
0 97 0
0 98 1
0 99 0
0 100 0
1 0 0
1 1 0
1 2 0
1 3 1
1 4 1
1 5 0
1 6 0
1 7 1
1 8 1
1 9 0
1 10 0
1 11 0
1 12 0
1 13 1
1 14 0
1 15 0
1 16 0
1 17 1
1 18 1
1 19 0
1 20 1
1 21 0
1 22 0
1 23 1
1 24 0
1 25 1
1 26 0
1 27 0
1 28 0
1 29 0
1 30 1
1 31 0
1 32 1
1 33 0
1 34 1
1 35 0
1 36 0
1 37 0
1 38 0
1 39 1
1 40 1
1 41 1
1 42 1
1 43 0
1 44 1
1 45 0
1 46 0
1 47 0
1 48 0
1 49 0
1 50 0
1 51 0
1 52 1
1 53 0
1 54 0
1 55 1
1 56 1
1 57 0
1 58 0
1 59 0
1 60 1
1 61 0
1 62 0
1 63 1
1 64 0
1 65 0
1 66 0
1 67 1
1 68 0
1 69 1
1 70 0
1 71 0
1 72 0
1 73 0
1 74 1
1 75 0
1 76 1
1 77 1
1 78 0
1 79 0
1 80 0
1 81 0
1 82 0
1 83 0
1 84 1
1 85 1
1 86 1
1 87 0
1 88 1
1 89 0
1 90 0
1 91 0
1 92 1
1 93 1
1 94 0
1 95 1
1 96 1
1 97 0
1 98 0
1 99 1
1 100 1
2 0 1
2 1 0
2 2 0
2 3 0
2 4 1
2 5 1
2 6 1
2 7 0
2 8 0
2 9 0
2 10 1
2 11 0
2 12 0
2 13 0
2 14 0
2 15 0
2 16 0
2 17 1
2 18 0
2 19 0
2 20 0
2 21 1
2 22 1
2 23 0
2 24 1
2 25 1
2 26 1
2 27 0
2 28 0
2 29 0
2 30 1
2 31 1
2 32 1
2 33 0
2 34 0
2 35 0
2 36 0
2 37 0
2 38 0
2 39 1
2 40 1
2 41 1
2 42 0
2 43 0
2 44 1
2 45 0
2 46 0
2 47 1
2 48 1
2 49 0
2 50 1
2 51 1
2 52 1
2 53 1
2 54 1
2 55 1
2 56 0
2 57 0
2 58 0
2 59 1
2 60 0
2 61 1
2 62 1
2 63 0
2 64 0
2 65 0
2 66 1
2 67 0
2 68 0
2 69 0
2 70 0
2 71 0
2 72 0
2 73 0
2 74 0
2 75 0
2 76 0
2 77 0
2 78 0
2 79 0
2 80 1
2 81 0
2 82 0
2 83 1
2 84 0
2 85 0
2 86 0
2 87 0
2 88 1
2 89 0
2 90 0
2 91 0
2 92 0
2 93 1
2 94 0
2 95 0
2 96 0
2 97 0
2 98 0
2 99 0
2 100 0
3 0 0
3 1 0
3 2 0
3 3 0
3 4 1
3 5 0
3 6 1
3 7 0
3 8 0
3 9 1
3 10 0
3 11 1
3 12 1
3 13 0
3 14 0
3 15 1
3 16 1
3 17 0
3 18 0
3 19 0
3 20 0
3 21 0
3 22 0
3 23 0
3 24 0
3 25 0
3 26 1
3 27 1
3 28 0
3 29 0
3 30 0
3 31 1
3 32 0
3 33 0
3 34 0
3 35 0
3 36 1
3 37 1
3 38 0
3 39 0
3 40 0
3 41 1
3 42 0
3 43 0
3 44 0
3 45 0
3 46 1
3 47 0
3 48 1
3 49 1
3 50 0
3 51 0
3 52 0
3 53 0
3 54 0
3 55 1
3 56 1
3 57 1
3 58 0
3 59 1
3 60 0
3 61 0
3 62 0
3 63 0
3 64 0
3 65 1
3 66 0
3 67 0
3 68 0
3 69 1
3 70 0
3 71 1
3 72 0
3 73 1
3 74 0
3 75 1
3 76 1
3 77 0
3 78 1
3 79 0
3 80 0
3 81 1
3 82 0
3 83 0
3 84 0
3 85 0
3 86 1
3 87 1
3 88 0
3 89 0
3 90 1
3 91 0
3 92 1
3 93 1
3 94 0
3 95 1
3 96 1
3 97 0
3 98 0
3 99 0
3 100 1
4 0 1
4 1 0
4 2 1
4 3 0
4 4 0
4 5 0
4 6 1
4 7 1
4 8 1
4 9 0
4 10 0
4 11 0
4 12 1
4 13 1
4 14 0
4 15 1
4 16 0
4 17 0
4 18 0
4 19 1
4 20 0
4 21 1
4 22 0
4 23 1
4 24 1
4 25 0
4 26 0
4 27 0
4 28 0
4 29 0
4 30 1
4 31 1
4 32 1
4 33 1
4 34 0
4 35 1
4 36 0
4 37 0
4 38 0
4 39 0
4 40 0
4 41 0
4 42 1
4 43 0
4 44 1
4 45 0
4 46 1
4 47 1
4 48 1
4 49 0
4 50 0
4 51 1
4 52 1
4 53 1
4 54 0
4 55 0
4 56 1
4 57 1
4 58 1
4 59 0
4 60 0
4 61 0
4 62 0
4 63 0
4 64 0
4 65 0
4 66 0
4 67 1
4 68 1
4 69 0
4 70 0
4 71 1
4 72 1
4 73 0
4 74 0
4 75 0
4 76 1
4 77 1
4 78 1
4 79 0
4 80 1
4 81 0
4 82 1
4 83 0
4 84 0
4 85 0
4 86 0
4 87 1
4 88 0
4 89 0
4 90 1
4 91 0
4 92 0
4 93 1
4 94 1
4 95 0
4 96 1
4 97 0
4 98 0
4 99 0
4 100 1
5 0 1
5 1 1
5 2 1
5 3 0
5 4 0
5 5 0
5 6 0
5 7 0
5 8 0
5 9 1
5 10 0
5 11 1
5 12 0
5 13 1
5 14 0
5 15 0
5 16 1
5 17 1
5 18 0
5 19 1
5 20 1
5 21 1
5 22 1
5 23 0
5 24 0
5 25 1
5 26 0
5 27 0
5 28 1
5 29 0
5 30 0
5 31 0
5 32 0
5 33 1
5 34 1
5 35 0
5 36 0
5 37 0
5 38 1
5 39 0
5 40 1
5 41 1
5 42 0
5 43 1
5 44 0
5 45 0
5 46 0
5 47 0
5 48 0
5 49 0
5 50 0
5 51 0
5 52 0
5 53 1
5 54 0
5 55 1
5 56 1
5 57 0
5 58 0
5 59 0
5 60 0
5 61 0
5 62 1
5 63 0
5 64 0
5 65 1
5 66 1
5 67 0
5 68 0
5 69 0
5 70 1
5 71 0
5 72 0
5 73 1
5 74 1
5 75 0
5 76 1
5 77 1
5 78 0
5 79 0
5 80 0
5 81 0
5 82 0
5 83 0
5 84 0
5 85 1
5 86 0
5 87 1
5 88 1
5 89 0
5 90 0
5 91 0
5 92 0
5 93 1
5 94 0
5 95 0
5 96 1
5 97 1
5 98 1
5 99 1
5 100 0
6 0 0
6 1 1
6 2 0
6 3 0
6 4 0
6 5 0
6 6 0
6 7 1
6 8 0
6 9 1
6 10 1
6 11 1
6 12 1
6 13 1
6 14 0
6 15 0
6 16 0
6 17 0
6 18 0
6 19 0
6 20 1
6 21 1
6 22 1
6 23 1
6 24 0
6 25 0
6 26 0
6 27 1
6 28 0
6 29 0
6 30 0
6 31 1
6 32 0
6 33 1
6 34 1
6 35 1
6 36 1
6 37 0
6 38 0
6 39 0
6 40 0
6 41 1
6 42 1
6 43 0
6 44 0
6 45 0
6 46 1
6 47 0
6 48 1
6 49 0
6 50 1
6 51 0
6 52 1
6 53 1
6 54 0
6 55 0
6 56 1
6 57 0
6 58 0
6 59 1
6 60 0
6 61 1
6 62 0
6 63 0
6 64 1
6 65 0
6 66 0
6 67 0
6 68 1
6 69 0
6 70 1
6 71 0
6 72 0
6 73 1
6 74 0
6 75 1
6 76 1
6 77 1
6 78 1
6 79 0
6 80 0
6 81 0
6 82 0
6 83 1
6 84 0
6 85 0
6 86 1
6 87 1
6 88 0
6 89 0
6 90 0
6 91 1
6 92 1
6 93 1
6 94 0
6 95 0
6 96 0
6 97 1
6 98 0
6 99 1
6 100 0
7 0 0
7 1 0
7 2 0
7 3 1
7 4 1
7 5 1
7 6 0
7 7 1
7 8 0
7 9 0
7 10 0
7 11 1
7 12 0
7 13 0
7 14 1
7 15 1
7 16 1
7 17 0
7 18 1
7 19 0
7 20 1
7 21 1
7 22 0
7 23 0
7 24 0
7 25 0
7 26 0
7 27 1
7 28 1
7 29 1
7 30 0
7 31 0
7 32 1
7 33 1
7 34 0
7 35 1
7 36 0
7 37 1
7 38 0
7 39 0
7 40 1
7 41 0
7 42 0
7 43 0
7 44 0
7 45 0
7 46 1
7 47 0
7 48 1
7 49 0
7 50 1
7 51 1
7 52 0
7 53 1
7 54 0
7 55 1
7 56 0
7 57 0
7 58 0
7 59 1
7 60 1
7 61 0
7 62 1
7 63 0
7 64 0
7 65 1
7 66 1
7 67 0
7 68 1
7 69 0
7 70 0
7 71 0
7 72 0
7 73 1
7 74 0
7 75 0
7 76 0
7 77 0
7 78 0
7 79 0
7 80 0
7 81 0
7 82 1
7 83 0
7 84 0
7 85 1
7 86 0
7 87 0
7 88 0
7 89 1
7 90 0
7 91 1
7 92 0
7 93 1
7 94 0
7 95 1
7 96 1
7 97 1
7 98 0
7 99 0
7 100 0
8 0 0
8 1 1
8 2 0
8 3 0
8 4 0
8 5 1
8 6 1
8 7 0
8 8 1
8 9 0
8 10 1
8 11 1
8 12 0
8 13 0
8 14 1
8 15 0
8 16 1
8 17 0
8 18 0
8 19 0
8 20 0
8 21 0
8 22 1
8 23 1
8 24 1
8 25 0
8 26 1
8 27 1
8 28 0
8 29 1
8 30 1
8 31 0
8 32 0
8 33 1
8 34 0
8 35 0
8 36 0
8 37 0
8 38 1
8 39 0
8 40 0
8 41 1
8 42 0
8 43 1
8 44 0
8 45 0
8 46 1
8 47 0
8 48 1
8 49 1
8 50 1
8 51 0
8 52 0
8 53 1
8 54 0
8 55 0
8 56 0
8 57 0
8 58 0
8 59 0
8 60 1
8 61 1
8 62 0
8 63 0
8 64 0
8 65 1
8 66 0
8 67 0
8 68 0
8 69 0
8 70 1
8 71 1
8 72 0
8 73 1
8 74 0
8 75 0
8 76 0
8 77 0
8 78 0
8 79 1
8 80 1
8 81 1
8 82 1
8 83 0
8 84 1
8 85 1
8 86 0
8 87 0
8 88 0
8 89 1
8 90 0
8 91 0
8 92 0
8 93 1
8 94 0
8 95 0
8 96 0
8 97 1
8 98 0
8 99 0
8 100 1
9 0 0
9 1 0
9 2 0
9 3 1
9 4 0
9 5 0
9 6 0
9 7 1
9 8 0
9 9 0
9 10 0
9 11 0
9 12 1
9 13 1
9 14 1
9 15 0
9 16 0
9 17 1
9 18 0
9 19 1
9 20 0
9 21 1
9 22 1
9 23 0
9 24 0
9 25 1
9 26 0
9 27 0
9 28 0
9 29 0
9 30 1
9 31 0
9 32 0
9 33 0
9 34 0
9 35 1
9 36 1
9 37 0
9 38 0
9 39 0
9 40 0
9 41 1
9 42 0
9 43 1
9 44 0
9 45 0
9 46 0
9 47 1
9 48 0
9 49 1
9 50 0
9 51 1
9 52 0
9 53 0
9 54 0
9 55 0
9 56 1
9 57 1
9 58 1
9 59 0
9 60 0
9 61 0
9 62 1
9 63 0
9 64 1
9 65 0
9 66 1
9 67 0
9 68 0
9 69 1
9 70 1
9 71 0
9 72 1
9 73 0
9 74 0
9 75 0
9 76 0
9 77 1
9 78 0
9 79 0
9 80 0
9 81 0
9 82 0
9 83 1
9 84 0
9 85 0
9 86 0
9 87 0
9 88 1
9 89 0
9 90 0
9 91 0
9 92 0
9 93 1
9 94 0
9 95 0
9 96 0
9 97 0
9 98 0
9 99 0
9 100 0
10 0 0
10 1 0
10 2 0
10 3 0
10 4 0
10 5 0
10 6 0
10 7 0
10 8 1
10 9 1
10 10 1
10 11 0
10 12 1
10 13 0
10 14 1
10 15 0
10 16 1
10 17 0
10 18 0
10 19 0
10 20 1
10 21 0
10 22 0
10 23 0
10 24 1
10 25 0
10 26 0
10 27 1
10 28 0
10 29 0
10 30 0
10 31 1
10 32 0
10 33 0
10 34 1
10 35 1
10 36 0
10 37 1
10 38 0
10 39 1
10 40 0
10 41 0
10 42 1
10 43 1
10 44 1
10 45 1
10 46 0
10 47 0
10 48 0
10 49 0
10 50 1
10 51 1
10 52 0
10 53 0
10 54 1
10 55 1
10 56 1
10 57 0
10 58 1
10 59 0
10 60 0
10 61 0
10 62 0
10 63 1
10 64 0
10 65 1
10 66 1
10 67 1
10 68 0
10 69 0
10 70 0
10 71 0
10 72 1
10 73 1
10 74 0
10 75 0
10 76 0
10 77 0
10 78 1
10 79 1
10 80 1
10 81 0
10 82 0
10 83 0
10 84 1
10 85 1
10 86 1
10 87 0
10 88 0
10 89 1
10 90 0
10 91 0
10 92 1
10 93 0
10 94 1
10 95 0
10 96 1
10 97 1
10 98 1
10 99 0
10 100 1
11 0 0
11 1 0
11 2 0
11 3 0
11 4 0
11 5 0
11 6 0
11 7 0
11 8 1
11 9 0
11 10 0
11 11 1
11 12 0
11 13 0
11 14 1
11 15 0
11 16 0
11 17 1
11 18 1
11 19 0
11 20 1
11 21 1
11 22 0
11 23 0
11 24 0
11 25 0
11 26 1
11 27 0
11 28 0
11 29 1
11 30 0
11 31 0
11 32 1
11 33 0
11 34 0
11 35 1
11 36 1
11 37 0
11 38 1
11 39 0
11 40 0
11 41 0
11 42 0
11 43 1
11 44 0
11 45 0
11 46 0
11 47 0
11 48 0
11 49 0
11 50 0
11 51 0
11 52 1
11 53 1
11 54 1
11 55 1
11 56 0
11 57 0
11 58 0
11 59 1
11 60 1
11 61 1
11 62 0
11 63 1
11 64 1
11 65 0
11 66 0
11 67 0
11 68 1
11 69 1
11 70 1
11 71 0
11 72 1
11 73 1
11 74 0
11 75 1
11 76 1
11 77 0
11 78 1
11 79 0
11 80 0
11 81 0
11 82 1
11 83 0
11 84 1
11 85 0
11 86 0
11 87 1
11 88 1
11 89 0
11 90 0
11 91 0
11 92 1
11 93 1
11 94 0
11 95 1
11 96 1
11 97 0
11 98 1
11 99 0
11 100 1
12 0 1
12 1 0
12 2 0
12 3 0
12 4 1
12 5 1
12 6 1
12 7 1
12 8 0
12 9 1
12 10 1
12 11 1
12 12 1
12 13 1
12 14 0
12 15 0
12 16 1
12 17 0
12 18 0
12 19 1
12 20 1
12 21 0
12 22 0
12 23 1
12 24 1
12 25 1
12 26 0
12 27 1
12 28 0
12 29 1
12 30 1
12 31 0
12 32 1
12 33 0
12 34 0
12 35 1
12 36 1
12 37 0
12 38 1
12 39 0
12 40 0
12 41 1
12 42 0
12 43 0
12 44 1
12 45 0
12 46 0
12 47 0
12 48 1
12 49 0
12 50 0
12 51 0
12 52 1
12 53 0
12 54 1
12 55 1
12 56 1
12 57 0
12 58 0
12 59 1
12 60 0
12 61 0
12 62 0
12 63 0
12 64 1
12 65 0
12 66 1
12 67 0
12 68 1
12 69 0
12 70 0
12 71 1
12 72 1
12 73 1
12 74 1
12 75 0
12 76 0
12 77 0
12 78 0
12 79 0
12 80 0
12 81 1
12 82 1
12 83 0
12 84 0
12 85 1
12 86 0
12 87 0
12 88 0
12 89 0
12 90 0
12 91 0
12 92 1
12 93 1
12 94 0
12 95 0
12 96 1
12 97 0
12 98 1
12 99 0
12 100 1
13 0 1
13 1 0
13 2 0
13 3 0
13 4 0
13 5 0
13 6 1
13 7 0
13 8 1
13 9 0
13 10 1
13 11 0
13 12 0
13 13 0
13 14 1
13 15 0
13 16 0
13 17 1
13 18 0
13 19 1
13 20 0
13 21 1
13 22 1
13 23 1
13 24 0
13 25 0
13 26 0
13 27 1
13 28 0
13 29 0
13 30 0
13 31 0
13 32 0
13 33 0
13 34 0
13 35 0
13 36 0
13 37 0
13 38 0
13 39 1
13 40 1
13 41 0
13 42 0
13 43 0
13 44 0
13 45 1
13 46 0
13 47 0
13 48 1
13 49 0
13 50 1
13 51 0
13 52 0
13 53 0
13 54 0
13 55 0
13 56 0
13 57 0
13 58 0
13 59 0
13 60 0
13 61 1
13 62 1
13 63 1
13 64 1
13 65 0
13 66 0
13 67 0
13 68 0
13 69 1
13 70 0
13 71 0
13 72 1
13 73 0
13 74 1
13 75 0
13 76 0
13 77 1
13 78 0
13 79 0
13 80 0
13 81 0
13 82 1
13 83 0
13 84 1
13 85 0
13 86 1
13 87 1
13 88 0
13 89 1
13 90 0
13 91 0
13 92 1
13 93 0
13 94 1
13 95 0
13 96 0
13 97 0
13 98 1
13 99 0
13 100 1
14 0 0
14 1 0
14 2 0
14 3 0
14 4 0
14 5 0
14 6 0
14 7 0
14 8 0
14 9 1
14 10 0
14 11 0
14 12 0
14 13 1
14 14 0
14 15 1
14 16 1
14 17 1
14 18 0
14 19 0
14 20 1
14 21 0
14 22 1
14 23 1
14 24 1
14 25 0
14 26 1
14 27 1
14 28 0
14 29 1
14 30 0
14 31 0
14 32 0
14 33 0
14 34 0
14 35 0
14 36 1
14 37 1
14 38 0
14 39 0
14 40 0
14 41 1
14 42 1
14 43 0
14 44 0
14 45 0
14 46 0
14 47 0
14 48 1
14 49 0
14 50 0
14 51 1
14 52 0
14 53 0
14 54 0
14 55 1
14 56 1
14 57 0
14 58 0
14 59 1
14 60 1
14 61 0
14 62 0
14 63 0
14 64 1
14 65 0
14 66 0
14 67 0
14 68 0
14 69 0
14 70 1
14 71 0
14 72 0
14 73 1
14 74 1
14 75 1
14 76 0
14 77 0
14 78 1
14 79 0
14 80 0
14 81 1
14 82 0
14 83 0
14 84 1
14 85 0
14 86 1
14 87 0
14 88 1
14 89 0
14 90 1
14 91 0
14 92 1
14 93 1
14 94 0
14 95 0
14 96 1
14 97 0
14 98 0
14 99 0
14 100 1
15 0 0
15 1 0
15 2 1
15 3 0
15 4 0
15 5 1
15 6 0
15 7 1
15 8 1
15 9 0
15 10 1
15 11 0
15 12 0
15 13 1
15 14 0
15 15 0
15 16 1
15 17 1
15 18 0
15 19 0
15 20 0
15 21 0
15 22 1
15 23 0
15 24 1
15 25 0
15 26 0
15 27 0
15 28 0
15 29 0
15 30 1
15 31 1
15 32 0
15 33 0
15 34 0
15 35 1
15 36 1
15 37 0
15 38 0
15 39 0
15 40 0
15 41 1
15 42 0
15 43 1
15 44 1
15 45 1
15 46 1
15 47 0
15 48 0
15 49 0
15 50 1
15 51 1
15 52 0
15 53 1
15 54 0
15 55 1
15 56 0
15 57 1
15 58 1
15 59 0
15 60 1
15 61 0
15 62 0
15 63 0
15 64 1
15 65 0
15 66 0
15 67 1
15 68 1
15 69 0
15 70 0
15 71 0
15 72 0
15 73 0
15 74 0
15 75 1
15 76 0
15 77 0
15 78 1
15 79 1
15 80 0
15 81 1
15 82 0
15 83 0
15 84 0
15 85 0
15 86 0
15 87 0
15 88 0
15 89 0
15 90 1
15 91 0
15 92 1
15 93 0
15 94 0
15 95 1
15 96 0
15 97 0
15 98 0
15 99 0
15 100 0
16 0 1
16 1 1
16 2 0
16 3 0
16 4 0
16 5 1
16 6 1
16 7 0
16 8 0
16 9 0
16 10 0
16 11 1
16 12 0
16 13 1
16 14 1
16 15 1
16 16 0
16 17 0
16 18 0
16 19 0
16 20 0
16 21 1
16 22 1
16 23 0
16 24 0
16 25 1
16 26 1
16 27 0
16 28 0
16 29 0
16 30 0
16 31 0
16 32 1
16 33 1
16 34 1
16 35 0
16 36 1
16 37 0
16 38 1
16 39 0
16 40 0
16 41 0
16 42 0
16 43 1
16 44 1
16 45 0
16 46 0
16 47 0
16 48 0
16 49 0
16 50 0
16 51 0
16 52 0
16 53 0
16 54 0
16 55 1
16 56 0
16 57 1
16 58 1
16 59 0
16 60 1
16 61 1
16 62 0
16 63 0
16 64 1
16 65 0
16 66 1
16 67 0
16 68 0
16 69 0
16 70 0
16 71 1
16 72 1
16 73 1
16 74 0
16 75 1
16 76 1
16 77 1
16 78 1
16 79 0
16 80 0
16 81 0
16 82 1
16 83 1
16 84 0
16 85 0
16 86 0
16 87 1
16 88 1
16 89 0
16 90 1
16 91 0
16 92 0
16 93 1
16 94 0
16 95 0
16 96 1
16 97 1
16 98 0
16 99 1
16 100 1
17 0 0
17 1 0
17 2 0
17 3 0
17 4 0
17 5 0
17 6 0
17 7 0
17 8 0
17 9 1
17 10 0
17 11 0
17 12 1
17 13 0
17 14 0
17 15 1
17 16 0
17 17 0
17 18 0
17 19 1
17 20 0
17 21 0
17 22 1
17 23 0
17 24 1
17 25 0
17 26 0
17 27 1
17 28 0
17 29 0
17 30 1
17 31 1
17 32 0
17 33 0
17 34 0
17 35 1
17 36 0
17 37 1
17 38 1
17 39 0
17 40 1
17 41 0
17 42 1
17 43 0
17 44 0
17 45 0
17 46 0
17 47 1
17 48 0
17 49 0
17 50 0
17 51 0
17 52 0
17 53 1
17 54 0
17 55 0
17 56 0
17 57 0
17 58 0
17 59 0
17 60 1
17 61 0
17 62 1
17 63 0
17 64 1
17 65 0
17 66 0
17 67 0
17 68 1
17 69 1
17 70 0
17 71 1
17 72 0
17 73 0
17 74 0
17 75 0
17 76 0
17 77 1
17 78 0
17 79 1
17 80 0
17 81 1
17 82 1
17 83 0
17 84 0
17 85 0
17 86 1
17 87 1
17 88 0
17 89 0
17 90 0
17 91 0
17 92 0
17 93 1
17 94 0
17 95 1
17 96 0
17 97 1
17 98 0
17 99 1
17 100 0
18 0 0
18 1 1
18 2 0
18 3 0
18 4 1
18 5 1
18 6 0
18 7 1
18 8 1
18 9 0
18 10 0
18 11 0
18 12 1
18 13 0
18 14 0
18 15 0
18 16 0
18 17 0
18 18 1
18 19 0
18 20 0
18 21 0
18 22 0
18 23 0
18 24 1
18 25 1
18 26 1
18 27 0
18 28 0
18 29 1
18 30 0
18 31 0
18 32 0
18 33 1
18 34 0
18 35 0
18 36 0
18 37 0
18 38 0
18 39 0
18 40 1
18 41 1
18 42 0
18 43 0
18 44 0
18 45 0
18 46 0
18 47 0
18 48 0
18 49 1
18 50 1
18 51 1
18 52 0
18 53 0
18 54 0
18 55 0
18 56 0
18 57 1
18 58 0
18 59 0
18 60 0
18 61 1
18 62 1
18 63 0
18 64 0
18 65 1
18 66 0
18 67 0
18 68 1
18 69 0
18 70 0
18 71 0
18 72 1
18 73 1
18 74 0
18 75 1
18 76 0
18 77 1
18 78 0
18 79 0
18 80 0
18 81 0
18 82 1
18 83 0
18 84 1
18 85 1
18 86 1
18 87 0
18 88 0
18 89 1
18 90 1
18 91 0
18 92 1
18 93 0
18 94 0
18 95 0
18 96 0
18 97 0
18 98 0
18 99 0
18 100 0
19 0 1
19 1 0
19 2 1
19 3 1
19 4 1
19 5 1
19 6 1
19 7 1
19 8 1
19 9 0
19 10 0
19 11 0
19 12 1
19 13 0
19 14 1
19 15 0
19 16 1
19 17 0
19 18 0
19 19 0
19 20 1
19 21 0
19 22 1
19 23 0
19 24 0
19 25 1
19 26 1
19 27 0
19 28 0
19 29 0
19 30 1
19 31 0
19 32 0
19 33 0
19 34 0
19 35 1
19 36 0
19 37 0
19 38 1
19 39 1
19 40 0
19 41 0
19 42 0
19 43 0
19 44 0
19 45 0
19 46 0
19 47 1
19 48 0
19 49 0
19 50 1
19 51 0
19 52 1
19 53 0
19 54 0
19 55 1
19 56 0
19 57 1
19 58 0
19 59 0
19 60 1
19 61 0
19 62 1
19 63 1
19 64 0
19 65 0
19 66 1
19 67 1
19 68 1
19 69 0
19 70 0
19 71 1
19 72 1
19 73 0
19 74 1
19 75 0
19 76 0
19 77 1
19 78 0
19 79 0
19 80 0
19 81 1
19 82 0
19 83 0
19 84 0
19 85 0
19 86 0
19 87 1
19 88 1
19 89 1
19 90 0
19 91 0
19 92 1
19 93 1
19 94 0
19 95 1
19 96 1
19 97 0
19 98 1
19 99 1
19 100 0
20 0 0
20 1 0
20 2 1
20 3 1
20 4 1
20 5 0
20 6 0
20 7 0
20 8 0
20 9 0
20 10 0
20 11 0
20 12 1
20 13 0
20 14 1
20 15 0
20 16 0
20 17 0
20 18 0
20 19 1
20 20 0
20 21 0
20 22 0
20 23 0
20 24 0
20 25 1
20 26 0
20 27 0
20 28 1
20 29 1
20 30 0
20 31 0
20 32 0
20 33 0
20 34 0
20 35 0
20 36 1
20 37 0
20 38 0
20 39 1
20 40 1
20 41 1
20 42 0
20 43 0
20 44 0
20 45 1
20 46 0
20 47 1
20 48 0
20 49 0
20 50 0
20 51 0
20 52 0
20 53 0
20 54 1
20 55 0
20 56 0
20 57 0
20 58 0
20 59 0
20 60 1
20 61 0
20 62 0
20 63 1
20 64 0
20 65 0
20 66 0
20 67 0
20 68 0
20 69 1
20 70 0
20 71 1
20 72 0
20 73 0
20 74 1
20 75 0
20 76 0
20 77 0
20 78 0
20 79 1
20 80 0
20 81 0
20 82 1
20 83 0
20 84 0
20 85 0
20 86 0
20 87 0
20 88 0
20 89 0
20 90 1
20 91 1
20 92 0
20 93 1
20 94 0
20 95 0
20 96 0
20 97 0
20 98 0
20 99 1
20 100 1
21 0 0
21 1 1
21 2 0
21 3 0
21 4 0
21 5 1
21 6 0
21 7 0
21 8 0
21 9 1
21 10 0
21 11 0
21 12 1
21 13 1
21 14 0
21 15 0
21 16 1
21 17 0
21 18 1
21 19 1
21 20 0
21 21 0
21 22 0
21 23 1
21 24 0
21 25 0
21 26 0
21 27 0
21 28 0
21 29 1
21 30 1
21 31 1
21 32 1
21 33 0
21 34 1
21 35 0
21 36 0
21 37 0
21 38 1
21 39 0
21 40 0
21 41 0
21 42 0
21 43 1
21 44 0
21 45 1
21 46 0
21 47 0
21 48 0
21 49 1
21 50 1
21 51 1
21 52 1
21 53 1
21 54 0
21 55 0
21 56 1
21 57 0
21 58 1
21 59 1
21 60 0
21 61 0
21 62 0
21 63 1
21 64 0
21 65 0
21 66 0
21 67 1
21 68 0
21 69 0
21 70 0
21 71 1
21 72 0
21 73 0
21 74 0
21 75 0
21 76 1
21 77 0
21 78 1
21 79 0
21 80 0
21 81 1
21 82 0
21 83 0
21 84 0
21 85 0
21 86 1
21 87 0
21 88 0
21 89 1
21 90 1
21 91 0
21 92 0
21 93 0
21 94 1
21 95 0
21 96 0
21 97 0
21 98 0
21 99 0
21 100 1
22 0 0
22 1 0
22 2 0
22 3 0
22 4 0
22 5 0
22 6 1
22 7 1
22 8 1
22 9 0
22 10 1
22 11 1
22 12 1
22 13 1
22 14 1
22 15 0
22 16 1
22 17 0
22 18 0
22 19 0
22 20 1
22 21 0
22 22 0
22 23 0
22 24 1
22 25 0
22 26 0
22 27 0
22 28 0
22 29 0
22 30 0
22 31 1
22 32 1
22 33 0
22 34 1
22 35 0
22 36 1
22 37 0
22 38 1
22 39 0
22 40 1
22 41 0
22 42 0
22 43 0
22 44 0
22 45 0
22 46 0
22 47 0
22 48 0
22 49 0
22 50 0
22 51 1
22 52 0
22 53 1
22 54 1
22 55 0
22 56 1
22 57 0
22 58 1
22 59 1
22 60 1
22 61 0
22 62 1
22 63 0
22 64 0
22 65 1
22 66 0
22 67 0
22 68 0
22 69 0
22 70 0
22 71 1
22 72 0
22 73 0
22 74 0
22 75 0
22 76 1
22 77 0
22 78 0
22 79 0
22 80 1
22 81 1
22 82 0
22 83 1
22 84 0
22 85 0
22 86 0
22 87 1
22 88 0
22 89 0
22 90 1
22 91 1
22 92 0
22 93 1
22 94 0
22 95 0
22 96 0
22 97 0
22 98 1
22 99 0
22 100 1
23 0 1
23 1 1
23 2 1
23 3 1
23 4 0
23 5 0
23 6 1
23 7 1
23 8 1
23 9 0
23 10 0
23 11 0
23 12 1
23 13 0
23 14 1
23 15 0
23 16 1
23 17 1
23 18 1
23 19 1
23 20 1
23 21 0
23 22 1
23 23 0
23 24 0
23 25 0
23 26 0
23 27 0
23 28 0
23 29 1
23 30 1
23 31 0
23 32 0
23 33 0
23 34 1
23 35 1
23 36 1
23 37 1
23 38 0
23 39 0
23 40 0
23 41 0
23 42 0
23 43 1
23 44 1
23 45 0
23 46 1
23 47 0
23 48 0
23 49 1
23 50 0
23 51 0
23 52 1
23 53 0
23 54 1
23 55 0
23 56 1
23 57 0
23 58 0
23 59 1
23 60 0
23 61 1
23 62 1
23 63 1
23 64 0
23 65 0
23 66 0
23 67 0
23 68 0
23 69 0
23 70 0
23 71 0
23 72 1
23 73 0
23 74 1
23 75 0
23 76 0
23 77 0
23 78 0
23 79 0
23 80 0
23 81 0
23 82 0
23 83 0
23 84 1
23 85 1
23 86 0
23 87 0
23 88 0
23 89 1
23 90 1
23 91 0
23 92 0
23 93 0
23 94 0
23 95 0
23 96 0
23 97 0
23 98 0
23 99 0
23 100 0
24 0 1
24 1 0
24 2 0
24 3 0
24 4 1
24 5 0
24 6 1
24 7 0
24 8 1
24 9 1
24 10 0
24 11 0
24 12 1
24 13 1
24 14 1
24 15 0
24 16 0
24 17 1
24 18 0
24 19 0
24 20 1
24 21 0
24 22 0
24 23 0
24 24 0
24 25 0
24 26 0
24 27 0
24 28 1
24 29 0
24 30 0
24 31 0
24 32 0
24 33 1
24 34 1
24 35 1
24 36 0
24 37 0
24 38 0
24 39 1
24 40 0
24 41 1
24 42 0
24 43 0
24 44 0
24 45 0
24 46 1
24 47 1
24 48 1
24 49 1
24 50 1
24 51 1
24 52 1
24 53 0
24 54 1
24 55 1
24 56 1
24 57 0
24 58 1
24 59 1
24 60 1
24 61 1
24 62 1
24 63 0
24 64 0
24 65 0
24 66 0
24 67 1
24 68 1
24 69 0
24 70 1
24 71 0
24 72 1
24 73 0
24 74 0
24 75 0
24 76 0
24 77 0
24 78 0
24 79 1
24 80 0
24 81 0
24 82 1
24 83 1
24 84 1
24 85 1
24 86 0
24 87 0
24 88 0
24 89 0
24 90 0
24 91 0
24 92 0
24 93 0
24 94 1
24 95 0
24 96 1
24 97 1
24 98 1
24 99 0
24 100 1
25 0 1
25 1 0
25 2 1
25 3 1
25 4 1
25 5 1
25 6 0
25 7 0
25 8 1
25 9 0
25 10 0
25 11 1
25 12 0
25 13 0
25 14 0
25 15 1
25 16 0
25 17 0
25 18 0
25 19 0
25 20 1
25 21 1
25 22 0
25 23 0
25 24 1
25 25 0
25 26 1
25 27 0
25 28 1
25 29 0
25 30 0
25 31 0
25 32 0
25 33 0
25 34 1
25 35 0
25 36 0
25 37 1
25 38 0
25 39 1
25 40 0
25 41 0
25 42 0
25 43 1
25 44 1
25 45 0
25 46 0
25 47 0
25 48 1
25 49 0
25 50 1
25 51 1
25 52 1
25 53 0
25 54 0
25 55 1
25 56 0
25 57 0
25 58 0
25 59 1
25 60 1
25 61 0
25 62 0
25 63 0
25 64 0
25 65 0
25 66 0
25 67 0
25 68 0
25 69 1
25 70 1
25 71 0
25 72 1
25 73 0
25 74 0
25 75 0
25 76 0
25 77 0
25 78 0
25 79 0
25 80 0
25 81 1
25 82 0
25 83 0
25 84 0
25 85 0
25 86 1
25 87 0
25 88 1
25 89 0
25 90 0
25 91 0
25 92 1
25 93 0
25 94 1
25 95 0
25 96 1
25 97 0
25 98 1
25 99 1
25 100 0
26 0 0
26 1 0
26 2 1
26 3 0
26 4 0
26 5 1
26 6 0
26 7 0
26 8 0
26 9 0
26 10 1
26 11 1
26 12 0
26 13 1
26 14 1
26 15 0
26 16 1
26 17 0
26 18 1
26 19 0
26 20 1
26 21 0
26 22 0
26 23 0
26 24 1
26 25 0
26 26 1
26 27 0
26 28 1
26 29 0
26 30 1
26 31 0
26 32 0
26 33 1
26 34 0
26 35 0
26 36 1
26 37 1
26 38 1
26 39 1
26 40 1
26 41 0
26 42 0
26 43 0
26 44 0
26 45 0
26 46 1
26 47 0
26 48 0
26 49 1
26 50 0
26 51 0
26 52 0
26 53 1
26 54 0
26 55 1
26 56 0
26 57 1
26 58 0
26 59 0
26 60 0
26 61 0
26 62 1
26 63 0
26 64 0
26 65 0
26 66 0
26 67 0
26 68 1
26 69 0
26 70 0
26 71 1
26 72 0
26 73 1
26 74 0
26 75 0
26 76 0
26 77 0
26 78 1
26 79 1
26 80 1
26 81 1
26 82 1
26 83 0
26 84 0
26 85 0
26 86 1
26 87 0
26 88 0
26 89 1
26 90 1
26 91 0
26 92 0
26 93 1
26 94 0
26 95 1
26 96 0
26 97 0
26 98 1
26 99 0
26 100 0
27 0 1
27 1 0
27 2 0
27 3 1
27 4 0
27 5 0
27 6 1
27 7 0
27 8 0
27 9 0
27 10 0
27 11 1
27 12 0
27 13 1
27 14 0
27 15 0
27 16 0
27 17 0
27 18 0
27 19 0
27 20 1
27 21 1
27 22 1
27 23 1
27 24 1
27 25 0
27 26 1
27 27 0
27 28 1
27 29 1
27 30 0
27 31 0
27 32 1
27 33 1
27 34 0
27 35 0
27 36 0
27 37 1
27 38 0
27 39 0
27 40 1
27 41 0
27 42 1
27 43 0
27 44 1
27 45 0
27 46 0
27 47 0
27 48 1
27 49 1
27 50 0
27 51 0
27 52 1
27 53 0
27 54 0
27 55 1
27 56 0
27 57 0
27 58 1
27 59 0
27 60 1
27 61 0
27 62 1
27 63 0
27 64 1
27 65 0
27 66 1
27 67 0
27 68 0
27 69 0
27 70 1
27 71 0
27 72 1
27 73 1
27 74 1
27 75 1
27 76 0
27 77 1
27 78 1
27 79 0
27 80 0
27 81 0
27 82 0
27 83 0
27 84 1
27 85 0
27 86 0
27 87 0
27 88 1
27 89 0
27 90 1
27 91 0
27 92 0
27 93 1
27 94 1
27 95 0
27 96 1
27 97 0
27 98 0
27 99 1
27 100 0
28 0 1
28 1 1
28 2 0
28 3 0
28 4 0
28 5 0
28 6 0
28 7 1
28 8 0
28 9 1
28 10 0
28 11 0
28 12 0
28 13 0
28 14 1
28 15 0
28 16 0
28 17 1
28 18 1
28 19 0
28 20 1
28 21 0
28 22 0
28 23 0
28 24 0
28 25 0
28 26 0
28 27 1
28 28 1
28 29 1
28 30 1
28 31 1
28 32 1
28 33 0
28 34 1
28 35 0
28 36 0
28 37 1
28 38 0
28 39 0
28 40 0
28 41 1
28 42 1
28 43 0
28 44 1
28 45 1
28 46 0
28 47 0
28 48 0
28 49 1
28 50 0
28 51 0
28 52 1
28 53 1
28 54 1
28 55 1
28 56 1
28 57 0
28 58 0
28 59 0
28 60 0
28 61 1
28 62 1
28 63 1
28 64 1
28 65 0
28 66 1
28 67 0
28 68 1
28 69 1
28 70 1
28 71 0
28 72 0
28 73 0
28 74 0
28 75 0
28 76 0
28 77 0
28 78 0
28 79 1
28 80 0
28 81 0
28 82 0
28 83 0
28 84 1
28 85 1
28 86 1
28 87 1
28 88 1
28 89 0
28 90 0
28 91 0
28 92 1
28 93 0
28 94 0
28 95 1
28 96 1
28 97 1
28 98 0
28 99 0
28 100 1
29 0 0
29 1 0
29 2 0
29 3 1
29 4 0
29 5 0
29 6 0
29 7 1
29 8 0
29 9 1
29 10 0
29 11 1
29 12 0
29 13 0
29 14 0
29 15 0
29 16 1
29 17 0
29 18 1
29 19 0
29 20 1
29 21 1
29 22 0
29 23 0
29 24 1
29 25 0
29 26 0
29 27 0
29 28 0
29 29 1
29 30 1
29 31 0
29 32 1
29 33 0
29 34 1
29 35 0
29 36 0
29 37 1
29 38 1
29 39 1
29 40 0
29 41 0
29 42 1
29 43 0
29 44 1
29 45 0
29 46 0
29 47 0
29 48 0
29 49 0
29 50 0
29 51 1
29 52 1
29 53 0
29 54 1
29 55 0
29 56 0
29 57 0
29 58 1
29 59 1
29 60 0
29 61 0
29 62 0
29 63 0
29 64 1
29 65 0
29 66 0
29 67 0
29 68 1
29 69 1
29 70 1
29 71 0
29 72 0
29 73 1
29 74 1
29 75 1
29 76 1
29 77 0
29 78 1
29 79 0
29 80 0
29 81 0
29 82 0
29 83 0
29 84 1
29 85 1
29 86 0
29 87 0
29 88 1
29 89 0
29 90 1
29 91 1
29 92 0
29 93 1
29 94 0
29 95 1
29 96 0
29 97 1
29 98 0
29 99 1
29 100 0
30 0 1
30 1 0
30 2 1
30 3 0
30 4 1
30 5 1
30 6 0
30 7 1
30 8 0
30 9 1
30 10 1
30 11 0
30 12 0
30 13 0
30 14 0
30 15 1
30 16 1
30 17 1
30 18 1
30 19 0
30 20 0
30 21 1
30 22 0
30 23 0
30 24 1
30 25 0
30 26 1
30 27 1
30 28 0
30 29 0
30 30 0
30 31 0
30 32 0
30 33 0
30 34 0
30 35 0
30 36 1
30 37 1
30 38 1
30 39 1
30 40 0
30 41 1
30 42 0
30 43 0
30 44 0
30 45 0
30 46 0
30 47 1
30 48 1
30 49 1
30 50 0
30 51 0
30 52 1
30 53 1
30 54 0
30 55 0
30 56 1
30 57 0
30 58 1
30 59 0
30 60 0
30 61 1
30 62 0
30 63 0
30 64 1
30 65 0
30 66 0
30 67 1
30 68 1
30 69 0
30 70 0
30 71 1
30 72 0
30 73 0
30 74 0
30 75 0
30 76 0
30 77 1
30 78 0
30 79 0
30 80 0
30 81 0
30 82 1
30 83 1
30 84 0
30 85 0
30 86 0
30 87 1
30 88 1
30 89 0
30 90 1
30 91 0
30 92 1
30 93 0
30 94 1
30 95 0
30 96 1
30 97 0
30 98 1
30 99 0
30 100 0
31 0 0
31 1 1
31 2 0
31 3 1
31 4 1
31 5 0
31 6 0
31 7 0
31 8 0
31 9 1
31 10 0
31 11 0
31 12 0
31 13 0
31 14 1
31 15 1
31 16 0
31 17 0
31 18 0
31 19 0
31 20 0
31 21 0
31 22 0
31 23 0
31 24 0
31 25 1
31 26 0
31 27 0
31 28 0
31 29 0
31 30 0
31 31 1
31 32 0
31 33 0
31 34 0
31 35 0
31 36 1
31 37 0
31 38 0
31 39 0
31 40 1
31 41 1
31 42 0
31 43 0
31 44 0
31 45 1
31 46 0
31 47 1
31 48 1
31 49 1
31 50 1
31 51 1
31 52 0
31 53 0
31 54 0
31 55 0
31 56 1
31 57 1
31 58 1
31 59 1
31 60 0
31 61 0
31 62 0
31 63 1
31 64 0
31 65 1
31 66 0
31 67 0
31 68 1
31 69 1
31 70 0
31 71 0
31 72 0
31 73 1
31 74 1
31 75 0
31 76 0
31 77 0
31 78 0
31 79 0
31 80 1
31 81 0
31 82 1
31 83 0
31 84 1
31 85 0
31 86 1
31 87 0
31 88 0
31 89 1
31 90 0
31 91 0
31 92 0
31 93 0
31 94 1
31 95 0
31 96 0
31 97 1
31 98 1
31 99 1
31 100 1
32 0 0
32 1 1
32 2 1
32 3 0
32 4 0
32 5 1
32 6 1
32 7 1
32 8 0
32 9 0
32 10 0
32 11 1
32 12 1
32 13 1
32 14 0
32 15 0
32 16 0
32 17 0
32 18 1
32 19 0
32 20 0
32 21 0
32 22 0
32 23 0
32 24 0
32 25 1
32 26 0
32 27 0
32 28 0
32 29 1
32 30 1
32 31 0
32 32 1
32 33 0
32 34 1
32 35 0
32 36 0
32 37 1
32 38 0
32 39 1
32 40 1
32 41 0
32 42 0
32 43 0
32 44 0
32 45 1
32 46 0
32 47 0
32 48 0
32 49 1
32 50 1
32 51 0
32 52 0
32 53 0
32 54 0
32 55 0
32 56 0
32 57 0
32 58 0
32 59 0
32 60 1
32 61 0
32 62 0
32 63 1
32 64 1
32 65 0
32 66 0
32 67 1
32 68 1
32 69 1
32 70 0
32 71 0
32 72 1
32 73 0
32 74 0
32 75 1
32 76 0
32 77 1
32 78 1
32 79 0
32 80 1
32 81 0
32 82 0
32 83 0
32 84 0
32 85 0
32 86 1
32 87 0
32 88 0
32 89 1
32 90 0
32 91 0
32 92 0
32 93 0
32 94 0
32 95 1
32 96 1
32 97 0
32 98 1
32 99 0
32 100 1
33 0 1
33 1 0
33 2 1
33 3 0
33 4 1
33 5 0
33 6 1
33 7 0
33 8 0
33 9 0
33 10 1
33 11 1
33 12 0
33 13 0
33 14 0
33 15 0
33 16 0
33 17 0
33 18 0
33 19 0
33 20 0
33 21 1
33 22 0
33 23 0
33 24 0
33 25 0
33 26 0
33 27 1
33 28 1
33 29 0
33 30 1
33 31 0
33 32 1
33 33 0
33 34 0
33 35 0
33 36 0
33 37 0
33 38 0
33 39 1
33 40 1
33 41 0
33 42 0
33 43 1
33 44 1
33 45 1
33 46 0
33 47 1
33 48 1
33 49 1
33 50 1
33 51 0
33 52 0
33 53 0
33 54 1
33 55 0
33 56 0
33 57 0
33 58 0
33 59 0
33 60 0
33 61 0
33 62 0
33 63 0
33 64 1
33 65 1
33 66 0
33 67 1
33 68 0
33 69 0
33 70 1
33 71 1
33 72 1
33 73 0
33 74 1
33 75 0
33 76 1
33 77 1
33 78 0
33 79 0
33 80 0
33 81 1
33 82 0
33 83 0
33 84 0
33 85 0
33 86 1
33 87 1
33 88 1
33 89 0
33 90 1
33 91 0
33 92 0
33 93 0
33 94 1
33 95 1
33 96 0
33 97 1
33 98 1
33 99 0
33 100 0
34 0 1
34 1 1
34 2 0
34 3 0
34 4 1
34 5 1
34 6 0
34 7 1
34 8 0
34 9 0
34 10 0
34 11 1
34 12 0
34 13 1
34 14 1
34 15 0
34 16 1
34 17 0
34 18 1
34 19 0
34 20 0
34 21 1
34 22 1
34 23 0
34 24 1
34 25 1
34 26 0
34 27 0
34 28 0
34 29 0
34 30 1
34 31 1
34 32 0
34 33 1
34 34 0
34 35 0
34 36 0
34 37 0
34 38 0
34 39 0
34 40 0
34 41 1
34 42 1
34 43 1
34 44 1
34 45 1
34 46 0
34 47 0
34 48 0
34 49 0
34 50 1
34 51 0
34 52 1
34 53 0
34 54 0
34 55 0
34 56 0
34 57 0
34 58 0
34 59 0
34 60 1
34 61 1
34 62 1
34 63 1
34 64 0
34 65 0
34 66 1
34 67 1
34 68 0
34 69 0
34 70 0
34 71 0
34 72 0
34 73 1
34 74 1
34 75 0
34 76 0
34 77 1
34 78 0
34 79 0
34 80 1
34 81 1
34 82 0
34 83 0
34 84 1
34 85 1
34 86 1
34 87 0
34 88 1
34 89 0
34 90 1
34 91 0
34 92 1
34 93 1
34 94 0
34 95 0
34 96 1
34 97 1
34 98 0
34 99 0
34 100 0
35 0 1
35 1 0
35 2 0
35 3 0
35 4 1
35 5 0
35 6 0
35 7 0
35 8 1
35 9 1
35 10 0
35 11 1
35 12 1
35 13 1
35 14 1
35 15 0
35 16 0
35 17 1
35 18 0
35 19 0
35 20 0
35 21 0
35 22 1
35 23 1
35 24 0
35 25 0
35 26 0
35 27 1
35 28 1
35 29 0
35 30 0
35 31 1
35 32 0
35 33 1
35 34 0
35 35 0
35 36 0
35 37 0
35 38 1
35 39 1
35 40 1
35 41 0
35 42 0
35 43 0
35 44 0
35 45 0
35 46 0
35 47 0
35 48 0
35 49 0
35 50 1
35 51 0
35 52 1
35 53 0
35 54 0
35 55 1
35 56 0
35 57 0
35 58 1
35 59 1
35 60 0
35 61 1
35 62 0
35 63 1
35 64 1
35 65 0
35 66 1
35 67 0
35 68 0
35 69 0
35 70 0
35 71 1
35 72 1
35 73 1
35 74 0
35 75 0
35 76 1
35 77 1
35 78 1
35 79 1
35 80 0
35 81 0
35 82 0
35 83 1
35 84 0
35 85 1
35 86 0
35 87 0
35 88 1
35 89 0
35 90 1
35 91 0
35 92 1
35 93 0
35 94 1
35 95 1
35 96 0
35 97 0
35 98 0
35 99 1
35 100 0
36 0 0
36 1 0
36 2 0
36 3 0
36 4 1
36 5 0
36 6 0
36 7 0
36 8 0
36 9 0
36 10 0
36 11 0
36 12 0
36 13 0
36 14 0
36 15 1
36 16 0
36 17 0
36 18 0
36 19 1
36 20 0
36 21 1
36 22 0
36 23 0
36 24 0
36 25 0
36 26 1
36 27 1
36 28 0
36 29 0
36 30 1
36 31 0
36 32 0
36 33 0
36 34 0
36 35 0
36 36 1
36 37 1
36 38 0
36 39 0
36 40 0
36 41 0
36 42 1
36 43 0
36 44 0
36 45 0
36 46 0
36 47 0
36 48 1
36 49 0
36 50 0
36 51 0
36 52 0
36 53 1
36 54 0
36 55 0
36 56 0
36 57 0
36 58 0
36 59 1
36 60 0
36 61 0
36 62 0
36 63 0
36 64 1
36 65 0
36 66 1
36 67 0
36 68 0
36 69 1
36 70 1
36 71 0
36 72 0
36 73 0
36 74 0
36 75 0
36 76 0
36 77 0
36 78 0
36 79 0
36 80 1
36 81 1
36 82 0
36 83 1
36 84 1
36 85 0
36 86 0
36 87 0
36 88 1
36 89 0
36 90 0
36 91 0
36 92 1
36 93 0
36 94 1
36 95 0
36 96 1
36 97 1
36 98 0
36 99 0
36 100 0
37 0 0
37 1 0
37 2 1
37 3 0
37 4 0
37 5 1
37 6 1
37 7 0
37 8 0
37 9 1
37 10 1
37 11 0
37 12 0
37 13 1
37 14 1
37 15 0
37 16 0
37 17 0
37 18 1
37 19 0
37 20 1
37 21 0
37 22 0
37 23 1
37 24 1
37 25 0
37 26 0
37 27 1
37 28 0
37 29 0
37 30 1
37 31 0
37 32 0
37 33 0
37 34 0
37 35 1
37 36 0
37 37 1
37 38 1
37 39 0
37 40 0
37 41 1
37 42 0
37 43 1
37 44 0
37 45 0
37 46 1
37 47 0
37 48 0
37 49 0
37 50 0
37 51 0
37 52 0
37 53 1
37 54 1
37 55 0
37 56 0
37 57 1
37 58 0
37 59 0
37 60 0
37 61 1
37 62 0
37 63 0
37 64 1
37 65 0
37 66 0
37 67 0
37 68 1
37 69 0
37 70 1
37 71 0
37 72 0
37 73 1
37 74 1
37 75 0
37 76 1
37 77 1
37 78 0
37 79 1
37 80 0
37 81 0
37 82 0
37 83 1
37 84 0
37 85 1
37 86 0
37 87 0
37 88 0
37 89 0
37 90 1
37 91 0
37 92 0
37 93 0
37 94 1
37 95 0
37 96 0
37 97 0
37 98 1
37 99 0
37 100 0
38 0 1
38 1 1
38 2 1
38 3 0
38 4 0
38 5 1
38 6 1
38 7 0
38 8 0
38 9 0
38 10 0
38 11 1
38 12 1
38 13 1
38 14 0
38 15 0
38 16 1
38 17 0
38 18 1
38 19 0
38 20 1
38 21 0
38 22 1
38 23 0
38 24 0
38 25 0
38 26 1
38 27 1
38 28 1
38 29 1
38 30 0
38 31 0
38 32 1
38 33 1
38 34 0
38 35 0
38 36 1
38 37 0
38 38 1
38 39 0
38 40 0
38 41 0
38 42 0
38 43 0
38 44 1
38 45 1
38 46 0
38 47 0
38 48 1
38 49 1
38 50 0
38 51 1
38 52 0
38 53 0
38 54 1
38 55 1
38 56 0
38 57 0
38 58 0
38 59 0
38 60 1
38 61 0
38 62 0
38 63 0
38 64 1
38 65 1
38 66 1
38 67 0
38 68 0
38 69 1
38 70 0
38 71 0
38 72 0
38 73 0
38 74 0
38 75 0
38 76 0
38 77 1
38 78 0
38 79 0
38 80 0
38 81 0
38 82 1
38 83 1
38 84 1
38 85 1
38 86 0
38 87 0
38 88 1
38 89 1
38 90 0
38 91 1
38 92 0
38 93 0
38 94 0
38 95 1
38 96 1
38 97 0
38 98 0
38 99 1
38 100 0
39 0 1
39 1 1
39 2 0
39 3 1
39 4 0
39 5 0
39 6 0
39 7 0
39 8 0
39 9 1
39 10 0
39 11 1
39 12 0
39 13 0
39 14 0
39 15 0
39 16 0
39 17 1
39 18 0
39 19 0
39 20 1
39 21 0
39 22 1
39 23 0
39 24 0
39 25 0
39 26 0
39 27 0
39 28 0
39 29 0
39 30 0
39 31 1
39 32 0
39 33 0
39 34 0
39 35 0
39 36 0
39 37 0
39 38 0
39 39 1
39 40 1
39 41 0
39 42 1
39 43 1
39 44 1
39 45 0
39 46 0
39 47 0
39 48 0
39 49 1
39 50 0
39 51 1
39 52 0
39 53 1
39 54 1
39 55 1
39 56 0
39 57 0
39 58 0
39 59 0
39 60 0
39 61 0
39 62 1
39 63 1
39 64 0
39 65 0
39 66 0
39 67 0
39 68 0
39 69 0
39 70 0
39 71 0
39 72 0
39 73 0
39 74 1
39 75 1
39 76 0
39 77 0
39 78 0
39 79 0
39 80 1
39 81 0
39 82 0
39 83 0
39 84 0
39 85 0
39 86 1
39 87 1
39 88 0
39 89 1
39 90 0
39 91 0
39 92 0
39 93 1
39 94 0
39 95 0
39 96 1
39 97 0
39 98 0
39 99 0
39 100 1
40 0 1
40 1 1
40 2 0
40 3 0
40 4 1
40 5 1
40 6 0
40 7 1
40 8 1
40 9 1
40 10 1
40 11 0
40 12 1
40 13 1
40 14 0
40 15 0
40 16 1
40 17 0
40 18 0
40 19 1
40 20 0
40 21 0
40 22 1
40 23 1
40 24 0
40 25 0
40 26 0
40 27 0
40 28 0
40 29 1
40 30 0
40 31 0
40 32 1
40 33 0
40 34 0
40 35 0
40 36 1
40 37 1
40 38 0
40 39 0
40 40 0
40 41 1
40 42 0
40 43 0
40 44 0
40 45 1
40 46 0
40 47 0
40 48 1
40 49 1
40 50 1
40 51 1
40 52 1
40 53 0
40 54 1
40 55 0
40 56 0
40 57 0
40 58 0
40 59 0
40 60 1
40 61 1
40 62 1
40 63 0
40 64 1
40 65 0
40 66 1
40 67 1
40 68 0
40 69 1
40 70 0
40 71 0
40 72 1
40 73 1
40 74 0
40 75 0
40 76 0
40 77 1
40 78 0
40 79 0
40 80 0
40 81 0
40 82 0
40 83 0
40 84 1
40 85 0
40 86 0
40 87 1
40 88 0
40 89 0
40 90 0
40 91 0
40 92 0
40 93 0
40 94 0
40 95 1
40 96 0
40 97 1
40 98 0
40 99 1
40 100 0
41 0 0
41 1 1
41 2 0
41 3 0
41 4 1
41 5 0
41 6 0
41 7 1
41 8 0
41 9 0
41 10 0
41 11 0
41 12 0
41 13 0
41 14 1
41 15 0
41 16 1
41 17 0
41 18 0
41 19 0
41 20 0
41 21 0
41 22 1
41 23 0
41 24 0
41 25 0
41 26 0
41 27 1
41 28 0
41 29 0
41 30 0
41 31 0
41 32 1
41 33 1
41 34 0
41 35 0
41 36 0
41 37 1
41 38 1
41 39 0
41 40 0
41 41 0
41 42 0
41 43 1
41 44 1
41 45 0
41 46 1
41 47 0
41 48 1
41 49 1
41 50 0
41 51 0
41 52 0
41 53 0
41 54 0
41 55 0
41 56 1
41 57 1
41 58 0
41 59 0
41 60 1
41 61 0
41 62 0
41 63 0
41 64 0
41 65 1
41 66 0
41 67 0
41 68 1
41 69 1
41 70 0
41 71 0
41 72 1
41 73 1
41 74 0
41 75 1
41 76 0
41 77 1
41 78 1
41 79 0
41 80 0
41 81 0
41 82 1
41 83 1
41 84 0
41 85 1
41 86 0
41 87 1
41 88 0
41 89 1
41 90 1
41 91 0
41 92 0
41 93 1
41 94 0
41 95 1
41 96 1
41 97 1
41 98 0
41 99 0
41 100 1
42 0 1
42 1 0
42 2 0
42 3 1
42 4 0
42 5 0
42 6 1
42 7 1
42 8 0
42 9 1
42 10 0
42 11 1
42 12 0
42 13 0
42 14 1
42 15 1
42 16 0
42 17 1
42 18 1
42 19 1
42 20 0
42 21 1
42 22 1
42 23 0
42 24 1
42 25 1
42 26 0
42 27 1
42 28 1
42 29 0
42 30 0
42 31 1
42 32 0
42 33 0
42 34 0
42 35 1
42 36 1
42 37 0
42 38 0
42 39 0
42 40 0
42 41 0
42 42 1
42 43 0
42 44 0
42 45 0
42 46 1
42 47 1
42 48 0
42 49 0
42 50 0
42 51 0
42 52 0
42 53 1
42 54 0
42 55 0
42 56 0
42 57 0
42 58 1
42 59 0
42 60 0
42 61 1
42 62 0
42 63 1
42 64 0
42 65 1
42 66 0
42 67 0
42 68 0
42 69 0
42 70 1
42 71 1
42 72 0
42 73 0
42 74 0
42 75 0
42 76 0
42 77 1
42 78 1
42 79 0
42 80 1
42 81 0
42 82 0
42 83 1
42 84 1
42 85 1
42 86 1
42 87 0
42 88 1
42 89 0
42 90 0
42 91 1
42 92 1
42 93 1
42 94 1
42 95 1
42 96 0
42 97 0
42 98 0
42 99 1
42 100 1
43 0 1
43 1 1
43 2 0
43 3 1
43 4 0
43 5 0
43 6 0
43 7 0
43 8 0
43 9 1
43 10 0
43 11 0
43 12 1
43 13 0
43 14 0
43 15 0
43 16 1
43 17 0
43 18 0
43 19 0
43 20 0
43 21 1
43 22 0
43 23 1
43 24 0
43 25 0
43 26 0
43 27 0
43 28 0
43 29 0
43 30 1
43 31 0
43 32 0
43 33 1
43 34 1
43 35 1
43 36 1
43 37 0
43 38 1
43 39 1
43 40 0
43 41 1
43 42 1
43 43 0
43 44 1
43 45 1
43 46 0
43 47 1
43 48 0
43 49 0
43 50 1
43 51 1
43 52 0
43 53 0
43 54 1
43 55 0
43 56 1
43 57 1
43 58 1
43 59 0
43 60 0
43 61 1
43 62 0
43 63 0
43 64 1
43 65 0
43 66 1
43 67 1
43 68 0
43 69 1
43 70 1
43 71 0
43 72 0
43 73 0
43 74 0
43 75 0
43 76 1
43 77 0
43 78 1
43 79 1
43 80 1
43 81 1
43 82 0
43 83 0
43 84 0
43 85 0
43 86 0
43 87 1
43 88 0
43 89 1
43 90 0
43 91 1
43 92 0
43 93 1
43 94 0
43 95 0
43 96 0
43 97 0
43 98 1
43 99 0
43 100 1
44 0 0
44 1 1
44 2 0
44 3 1
44 4 0
44 5 0
44 6 0
44 7 0
44 8 1
44 9 0
44 10 1
44 11 0
44 12 0
44 13 1
44 14 0
44 15 0
44 16 0
44 17 0
44 18 0
44 19 0
44 20 0
44 21 1
44 22 0
44 23 0
44 24 0
44 25 0
44 26 1
44 27 0
44 28 0
44 29 1
44 30 1
44 31 0
44 32 1
44 33 1
44 34 0
44 35 0
44 36 1
44 37 0
44 38 0
44 39 1
44 40 0
44 41 0
44 42 0
44 43 1
44 44 1
44 45 1
44 46 0
44 47 1
44 48 0
44 49 0
44 50 0
44 51 1
44 52 0
44 53 0
44 54 1
44 55 1
44 56 0
44 57 0
44 58 1
44 59 0
44 60 0
44 61 0
44 62 1
44 63 0
44 64 0
44 65 1
44 66 0
44 67 1
44 68 0
44 69 0
44 70 0
44 71 1
44 72 1
44 73 0
44 74 1
44 75 0
44 76 1
44 77 0
44 78 0
44 79 1
44 80 0
44 81 0
44 82 0
44 83 1
44 84 0
44 85 1
44 86 0
44 87 0
44 88 0
44 89 0
44 90 0
44 91 0
44 92 1
44 93 1
44 94 0
44 95 0
44 96 1
44 97 0
44 98 0
44 99 0
44 100 0
45 0 0
45 1 0
45 2 0
45 3 1
45 4 0
45 5 1
45 6 0
45 7 1
45 8 1
45 9 0
45 10 1
45 11 1
45 12 0
45 13 0
45 14 0
45 15 0
45 16 1
45 17 0
45 18 1
45 19 1
45 20 0
45 21 0
45 22 1
45 23 1
45 24 0
45 25 0
45 26 0
45 27 0
45 28 0
45 29 0
45 30 1
45 31 1
45 32 1
45 33 1
45 34 0
45 35 0
45 36 1
45 37 0
45 38 0
45 39 0
45 40 0
45 41 1
45 42 0
45 43 1
45 44 0
45 45 0
45 46 0
45 47 1
45 48 0
45 49 0
45 50 1
45 51 0
45 52 1
45 53 1
45 54 0
45 55 1
45 56 1
45 57 0
45 58 0
45 59 1
45 60 0
45 61 0
45 62 0
45 63 1
45 64 0
45 65 0
45 66 0
45 67 0
45 68 0
45 69 0
45 70 0
45 71 0
45 72 0
45 73 0
45 74 1
45 75 1
45 76 0
45 77 1
45 78 0
45 79 0
45 80 0
45 81 0
45 82 1
45 83 0
45 84 0
45 85 1
45 86 0
45 87 0
45 88 0
45 89 0
45 90 0
45 91 0
45 92 0
45 93 1
45 94 0
45 95 1
45 96 1
45 97 0
45 98 0
45 99 0
45 100 0
46 0 0
46 1 0
46 2 0
46 3 1
46 4 0
46 5 0
46 6 1
46 7 1
46 8 0
46 9 0
46 10 0
46 11 0
46 12 0
46 13 0
46 14 0
46 15 0
46 16 1
46 17 0
46 18 1
46 19 0
46 20 0
46 21 0
46 22 0
46 23 0
46 24 0
46 25 0
46 26 0
46 27 1
46 28 1
46 29 1
46 30 1
46 31 1
46 32 0
46 33 0
46 34 1
46 35 0
46 36 0
46 37 0
46 38 1
46 39 1
46 40 1
46 41 0
46 42 1
46 43 0
46 44 1
46 45 1
46 46 0
46 47 0
46 48 0
46 49 0
46 50 1
46 51 0
46 52 0
46 53 0
46 54 0
46 55 0
46 56 0
46 57 0
46 58 0
46 59 1
46 60 0
46 61 1
46 62 0
46 63 0
46 64 0
46 65 0
46 66 0
46 67 0
46 68 0
46 69 0
46 70 0
46 71 1
46 72 1
46 73 1
46 74 0
46 75 0
46 76 1
46 77 0
46 78 1
46 79 1
46 80 0
46 81 0
46 82 1
46 83 1
46 84 0
46 85 0
46 86 0
46 87 0
46 88 1
46 89 0
46 90 0
46 91 1
46 92 0
46 93 1
46 94 1
46 95 0
46 96 1
46 97 0
46 98 1
46 99 0
46 100 1
47 0 1
47 1 0
47 2 0
47 3 1
47 4 1
47 5 1
47 6 1
47 7 0
47 8 0
47 9 0
47 10 0
47 11 0
47 12 0
47 13 0
47 14 0
47 15 0
47 16 0
47 17 0
47 18 0
47 19 0
47 20 0
47 21 1
47 22 0
47 23 0
47 24 0
47 25 0
47 26 1
47 27 0
47 28 0
47 29 0
47 30 1
47 31 0
47 32 1
47 33 0
47 34 0
47 35 0
47 36 1
47 37 1
47 38 0
47 39 0
47 40 0
47 41 0
47 42 0
47 43 0
47 44 1
47 45 1
47 46 0
47 47 0
47 48 1
47 49 1
47 50 0
47 51 0
47 52 1
47 53 0
47 54 0
47 55 0
47 56 0
47 57 0
47 58 0
47 59 1
47 60 1
47 61 1
47 62 1
47 63 0
47 64 1
47 65 1
47 66 0
47 67 1
47 68 0
47 69 1
47 70 1
47 71 0
47 72 0
47 73 0
47 74 0
47 75 1
47 76 1
47 77 0
47 78 1
47 79 1
47 80 0
47 81 1
47 82 0
47 83 0
47 84 0
47 85 0
47 86 0
47 87 0
47 88 0
47 89 0
47 90 1
47 91 1
47 92 1
47 93 0
47 94 1
47 95 0
47 96 1
47 97 1
47 98 0
47 99 0
47 100 1
48 0 1
48 1 1
48 2 1
48 3 1
48 4 0
48 5 0
48 6 0
48 7 0
48 8 1
48 9 0
48 10 0
48 11 1
48 12 0
48 13 1
48 14 0
48 15 0
48 16 1
48 17 1
48 18 0
48 19 0
48 20 0
48 21 0
48 22 1
48 23 0
48 24 1
48 25 1
48 26 0
48 27 0
48 28 1
48 29 0
48 30 0
48 31 0
48 32 0
48 33 0
48 34 0
48 35 1
48 36 1
48 37 1
48 38 1
48 39 0
48 40 0
48 41 0
48 42 0
48 43 0
48 44 0
48 45 1
48 46 1
48 47 0
48 48 0
48 49 1
48 50 1
48 51 1
48 52 0
48 53 0
48 54 1
48 55 0
48 56 0
48 57 1
48 58 0
48 59 1
48 60 1
48 61 1
48 62 0
48 63 0
48 64 0
48 65 0
48 66 0
48 67 0
48 68 1
48 69 0
48 70 1
48 71 1
48 72 0
48 73 0
48 74 0
48 75 1
48 76 0
48 77 1
48 78 0
48 79 1
48 80 0
48 81 0
48 82 0
48 83 1
48 84 0
48 85 0
48 86 0
48 87 0
48 88 0
48 89 1
48 90 1
48 91 0
48 92 1
48 93 0
48 94 0
48 95 0
48 96 1
48 97 0
48 98 0
48 99 0
48 100 0
49 0 1
49 1 0
49 2 0
49 3 0
49 4 0
49 5 0
49 6 1
49 7 1
49 8 1
49 9 0
49 10 1
49 11 1
49 12 1
49 13 0
49 14 0
49 15 0
49 16 0
49 17 1
49 18 0
49 19 0
49 20 1
49 21 0
49 22 1
49 23 1
49 24 0
49 25 0
49 26 1
49 27 1
49 28 0
49 29 0
49 30 0
49 31 0
49 32 1
49 33 1
49 34 1
49 35 0
49 36 0
49 37 1
49 38 0
49 39 1
49 40 0
49 41 0
49 42 0
49 43 0
49 44 0
49 45 0
49 46 0
49 47 1
49 48 1
49 49 0
49 50 1
49 51 0
49 52 1
49 53 0
49 54 0
49 55 1
49 56 1
49 57 0
49 58 1
49 59 1
49 60 0
49 61 0
49 62 1
49 63 1
49 64 1
49 65 1
49 66 1
49 67 0
49 68 1
49 69 0
49 70 0
49 71 1
49 72 0
49 73 0
49 74 1
49 75 1
49 76 0
49 77 1
49 78 1
49 79 1
49 80 1
49 81 1
49 82 0
49 83 1
49 84 0
49 85 0
49 86 0
49 87 0
49 88 0
49 89 1
49 90 0
49 91 0
49 92 0
49 93 0
49 94 0
49 95 0
49 96 0
49 97 0
49 98 0
49 99 1
49 100 1
50 0 0
50 1 0
50 2 0
50 3 1
50 4 1
50 5 0
50 6 0
50 7 0
50 8 1
50 9 1
50 10 1
50 11 0
50 12 0
50 13 1
50 14 0
50 15 0
50 16 1
50 17 0
50 18 0
50 19 0
50 20 1
50 21 1
50 22 0
50 23 0
50 24 0
50 25 1
50 26 0
50 27 0
50 28 0
50 29 0
50 30 0
50 31 1
50 32 0
50 33 1
50 34 1
50 35 1
50 36 0
50 37 1
50 38 0
50 39 0
50 40 0
50 41 0
50 42 1
50 43 0
50 44 0
50 45 0
50 46 0
50 47 0
50 48 0
50 49 1
50 50 0
50 51 0
50 52 1
50 53 1
50 54 1
50 55 1
50 56 1
50 57 1
50 58 0
50 59 0
50 60 0
50 61 0
50 62 1
50 63 1
50 64 1
50 65 1
50 66 0
50 67 0
50 68 0
50 69 1
50 70 0
50 71 1
50 72 0
50 73 0
50 74 1
50 75 1
50 76 0
50 77 0
50 78 1
50 79 0
50 80 0
50 81 1
50 82 0
50 83 1
50 84 1
50 85 0
50 86 1
50 87 0
50 88 0
50 89 0
50 90 0
50 91 0
50 92 0
50 93 0
50 94 0
50 95 0
50 96 0
50 97 1
50 98 0
50 99 1
50 100 1
51 0 1
51 1 1
51 2 0
51 3 0
51 4 1
51 5 0
51 6 0
51 7 1
51 8 1
51 9 1
51 10 0
51 11 0
51 12 0
51 13 0
51 14 0
51 15 1
51 16 0
51 17 0
51 18 1
51 19 0
51 20 0
51 21 1
51 22 0
51 23 0
51 24 1
51 25 0
51 26 1
51 27 1
51 28 0
51 29 1
51 30 0
51 31 0
51 32 1
51 33 0
51 34 1
51 35 1
51 36 0
51 37 0
51 38 0
51 39 1
51 40 1
51 41 0
51 42 0
51 43 0
51 44 0
51 45 1
51 46 0
51 47 1
51 48 0
51 49 1
51 50 0
51 51 0
51 52 0
51 53 1
51 54 1
51 55 0
51 56 0
51 57 1
51 58 0
51 59 0
51 60 0
51 61 1
51 62 1
51 63 0
51 64 0
51 65 1
51 66 0
51 67 1
51 68 0
51 69 0
51 70 0
51 71 0
51 72 1
51 73 1
51 74 0
51 75 1
51 76 1
51 77 0
51 78 1
51 79 0
51 80 0
51 81 1
51 82 1
51 83 1
51 84 1
51 85 1
51 86 0
51 87 0
51 88 0
51 89 0
51 90 1
51 91 1
51 92 1
51 93 0
51 94 1
51 95 0
51 96 0
51 97 0
51 98 0
51 99 1
51 100 0
52 0 0
52 1 1
52 2 0
52 3 1
52 4 0
52 5 1
52 6 0
52 7 0
52 8 0
52 9 1
52 10 0
52 11 0
52 12 1
52 13 0
52 14 0
52 15 0
52 16 1
52 17 0
52 18 1
52 19 0
52 20 0
52 21 0
52 22 0
52 23 0
52 24 0
52 25 0
52 26 0
52 27 1
52 28 0
52 29 0
52 30 0
52 31 1
52 32 1
52 33 0
52 34 1
52 35 0
52 36 0
52 37 0
52 38 1
52 39 0
52 40 0
52 41 0
52 42 1
52 43 1
52 44 1
52 45 1
52 46 0
52 47 0
52 48 0
52 49 1
52 50 0
52 51 1
52 52 0
52 53 1
52 54 0
52 55 1
52 56 0
52 57 0
52 58 0
52 59 1
52 60 1
52 61 1
52 62 1
52 63 0
52 64 0
52 65 0
52 66 0
52 67 0
52 68 0
52 69 1
52 70 0
52 71 1
52 72 1
52 73 0
52 74 1
52 75 1
52 76 0
52 77 1
52 78 1
52 79 1
52 80 0
52 81 0
52 82 1
52 83 0
52 84 0
52 85 0
52 86 0
52 87 1
52 88 0
52 89 0
52 90 0
52 91 1
52 92 0
52 93 1
52 94 1
52 95 1
52 96 0
52 97 0
52 98 1
52 99 0
52 100 0
53 0 1
53 1 0
53 2 0
53 3 1
53 4 1
53 5 1
53 6 0
53 7 0
53 8 0
53 9 1
53 10 1
53 11 1
53 12 0
53 13 1
53 14 1
53 15 1
53 16 0
53 17 1
53 18 0
53 19 0
53 20 1
53 21 0
53 22 0
53 23 0
53 24 1
53 25 1
53 26 0
53 27 0
53 28 0
53 29 0
53 30 1
53 31 0
53 32 0
53 33 1
53 34 0
53 35 0
53 36 1
53 37 1
53 38 0
53 39 1
53 40 0
53 41 0
53 42 0
53 43 0
53 44 0
53 45 0
53 46 0
53 47 1
53 48 1
53 49 1
53 50 0
53 51 0
53 52 1
53 53 0
53 54 0
53 55 1
53 56 0
53 57 0
53 58 1
53 59 1
53 60 0
53 61 0
53 62 1
53 63 1
53 64 0
53 65 1
53 66 0
53 67 1
53 68 0
53 69 1
53 70 0
53 71 1
53 72 1
53 73 0
53 74 1
53 75 0
53 76 0
53 77 0
53 78 0
53 79 0
53 80 1
53 81 0
53 82 0
53 83 1
53 84 0
53 85 1
53 86 0
53 87 1
53 88 0
53 89 0
53 90 1
53 91 1
53 92 0
53 93 0
53 94 0
53 95 0
53 96 0
53 97 1
53 98 0
53 99 1
53 100 1
54 0 1
54 1 1
54 2 1
54 3 1
54 4 1
54 5 0
54 6 0
54 7 1
54 8 0
54 9 0
54 10 1
54 11 0
54 12 1
54 13 0
54 14 0
54 15 0
54 16 1
54 17 0
54 18 0
54 19 0
54 20 0
54 21 0
54 22 1
54 23 1
54 24 1
54 25 0
54 26 0
54 27 0
54 28 0
54 29 1
54 30 1
54 31 1
54 32 0
54 33 1
54 34 1
54 35 1
54 36 0
54 37 0
54 38 0
54 39 0
54 40 1
54 41 1
54 42 0
54 43 1
54 44 0
54 45 1
54 46 0
54 47 0
54 48 1
54 49 0
54 50 0
54 51 1
54 52 0
54 53 0
54 54 1
54 55 1
54 56 1
54 57 1
54 58 0
54 59 1
54 60 0
54 61 0
54 62 0
54 63 1
54 64 1
54 65 0
54 66 1
54 67 1
54 68 0
54 69 0
54 70 1
54 71 1
54 72 0
54 73 0
54 74 0
54 75 0
54 76 0
54 77 0
54 78 1
54 79 1
54 80 1
54 81 0
54 82 0
54 83 0
54 84 1
54 85 0
54 86 0
54 87 1
54 88 1
54 89 1
54 90 1
54 91 1
54 92 0
54 93 1
54 94 0
54 95 0
54 96 0
54 97 0
54 98 0
54 99 1
54 100 1
55 0 1
55 1 0
55 2 0
55 3 0
55 4 0
55 5 1
55 6 0
55 7 1
55 8 1
55 9 0
55 10 0
55 11 0
55 12 0
55 13 0
55 14 1
55 15 0
55 16 0
55 17 1
55 18 1
55 19 0
55 20 0
55 21 1
55 22 0
55 23 1
55 24 0
55 25 0
55 26 0
55 27 0
55 28 0
55 29 0
55 30 0
55 31 0
55 32 1
55 33 0
55 34 1
55 35 1
55 36 1
55 37 0
55 38 0
55 39 1
55 40 0
55 41 0
55 42 1
55 43 1
55 44 0
55 45 0
55 46 1
55 47 0
55 48 1
55 49 0
55 50 1
55 51 0
55 52 0
55 53 0
55 54 1
55 55 0
55 56 1
55 57 0
55 58 1
55 59 1
55 60 0
55 61 0
55 62 0
55 63 0
55 64 0
55 65 1
55 66 0
55 67 0
55 68 1
55 69 0
55 70 0
55 71 0
55 72 0
55 73 0
55 74 0
55 75 1
55 76 1
55 77 0
55 78 0
55 79 0
55 80 1
55 81 0
55 82 0
55 83 0
55 84 0
55 85 0
55 86 0
55 87 1
55 88 0
55 89 0
55 90 1
55 91 1
55 92 1
55 93 1
55 94 1
55 95 0
55 96 1
55 97 0
55 98 1
55 99 1
55 100 0
56 0 1
56 1 0
56 2 1
56 3 1
56 4 1
56 5 0
56 6 0
56 7 0
56 8 1
56 9 0
56 10 1
56 11 0
56 12 0
56 13 0
56 14 0
56 15 0
56 16 0
56 17 1
56 18 1
56 19 1
56 20 0
56 21 0
56 22 0
56 23 0
56 24 0
56 25 1
56 26 0
56 27 0
56 28 0
56 29 1
56 30 1
56 31 0
56 32 0
56 33 1
56 34 0
56 35 0
56 36 0
56 37 1
56 38 1
56 39 1
56 40 1
56 41 1
56 42 1
56 43 1
56 44 0
56 45 1
56 46 1
56 47 0
56 48 0
56 49 0
56 50 0
56 51 1
56 52 1
56 53 1
56 54 0
56 55 0
56 56 1
56 57 0
56 58 0
56 59 1
56 60 1
56 61 0
56 62 0
56 63 1
56 64 0
56 65 0
56 66 0
56 67 0
56 68 1
56 69 0
56 70 0
56 71 0
56 72 0
56 73 1
56 74 1
56 75 0
56 76 0
56 77 0
56 78 1
56 79 1
56 80 0
56 81 0
56 82 1
56 83 0
56 84 0
56 85 1
56 86 0
56 87 0
56 88 1
56 89 1
56 90 0
56 91 0
56 92 0
56 93 0
56 94 0
56 95 0
56 96 1
56 97 0
56 98 0
56 99 1
56 100 1
57 0 0
57 1 0
57 2 0
57 3 0
57 4 0
57 5 1
57 6 1
57 7 1
57 8 1
57 9 1
57 10 1
57 11 1
57 12 0
57 13 1
57 14 0
57 15 1
57 16 0
57 17 1
57 18 1
57 19 1
57 20 0
57 21 0
57 22 0
57 23 0
57 24 0
57 25 1
57 26 0
57 27 1
57 28 1
57 29 1
57 30 0
57 31 0
57 32 0
57 33 0
57 34 1
57 35 0
57 36 1
57 37 0
57 38 1
57 39 0
57 40 0
57 41 0
57 42 0
57 43 0
57 44 0
57 45 0
57 46 1
57 47 0
57 48 0
57 49 0
57 50 1
57 51 0
57 52 1
57 53 0
57 54 0
57 55 0
57 56 0
57 57 1
57 58 0
57 59 1
57 60 0
57 61 1
57 62 0
57 63 0
57 64 0
57 65 0
57 66 0
57 67 0
57 68 0
57 69 0
57 70 1
57 71 0
57 72 0
57 73 1
57 74 1
57 75 1
57 76 0
57 77 0
57 78 0
57 79 1
57 80 1
57 81 0
57 82 0
57 83 1
57 84 0
57 85 1
57 86 0
57 87 1
57 88 0
57 89 0
57 90 1
57 91 0
57 92 0
57 93 0
57 94 1
57 95 0
57 96 0
57 97 0
57 98 0
57 99 0
57 100 0
58 0 0
58 1 0
58 2 1
58 3 0
58 4 1
58 5 0
58 6 1
58 7 0
58 8 1
58 9 0
58 10 0
58 11 1
58 12 1
58 13 0
58 14 0
58 15 1
58 16 0
58 17 0
58 18 0
58 19 0
58 20 0
58 21 0
58 22 1
58 23 0
58 24 1
58 25 0
58 26 1
58 27 0
58 28 1
58 29 0
58 30 0
58 31 0
58 32 0
58 33 0
58 34 1
58 35 1
58 36 0
58 37 1
58 38 0
58 39 1
58 40 0
58 41 1
58 42 0
58 43 1
58 44 0
58 45 0
58 46 0
58 47 0
58 48 1
58 49 0
58 50 1
58 51 1
58 52 0
58 53 1
58 54 0
58 55 0
58 56 0
58 57 0
58 58 0
58 59 1
58 60 0
58 61 0
58 62 0
58 63 1
58 64 1
58 65 0
58 66 0
58 67 0
58 68 0
58 69 0
58 70 1
58 71 0
58 72 1
58 73 0
58 74 1
58 75 0
58 76 0
58 77 1
58 78 1
58 79 0
58 80 0
58 81 1
58 82 0
58 83 0
58 84 1
58 85 0
58 86 0
58 87 0
58 88 0
58 89 1
58 90 1
58 91 1
58 92 1
58 93 1
58 94 0
58 95 1
58 96 0
58 97 0
58 98 0
58 99 0
58 100 0
59 0 0
59 1 0
59 2 1
59 3 0
59 4 0
59 5 1
59 6 1
59 7 0
59 8 1
59 9 1
59 10 1
59 11 1
59 12 0
59 13 1
59 14 0
59 15 0
59 16 1
59 17 0
59 18 0
59 19 0
59 20 0
59 21 0
59 22 0
59 23 1
59 24 1
59 25 0
59 26 0
59 27 0
59 28 1
59 29 1
59 30 0
59 31 0
59 32 0
59 33 1
59 34 0
59 35 1
59 36 0
59 37 0
59 38 0
59 39 0
59 40 0
59 41 1
59 42 1
59 43 0
59 44 1
59 45 1
59 46 1
59 47 0
59 48 0
59 49 0
59 50 1
59 51 0
59 52 0
59 53 0
59 54 0
59 55 0
59 56 0
59 57 0
59 58 0
59 59 1
59 60 0
59 61 1
59 62 0
59 63 1
59 64 0
59 65 0
59 66 0
59 67 0
59 68 1
59 69 1
59 70 0
59 71 0
59 72 0
59 73 1
59 74 1
59 75 0
59 76 0
59 77 1
59 78 0
59 79 1
59 80 0
59 81 1
59 82 0
59 83 0
59 84 0
59 85 0
59 86 0
59 87 0
59 88 0
59 89 1
59 90 1
59 91 0
59 92 0
59 93 0
59 94 0
59 95 0
59 96 1
59 97 0
59 98 0
59 99 0
59 100 1
60 0 1
60 1 0
60 2 0
60 3 0
60 4 0
60 5 1
60 6 1
60 7 0
60 8 0
60 9 0
60 10 1
60 11 1
60 12 0
60 13 0
60 14 1
60 15 0
60 16 0
60 17 0
60 18 0
60 19 1
60 20 0
60 21 1
60 22 1
60 23 1
60 24 0
60 25 0
60 26 1
60 27 0
60 28 0
60 29 0
60 30 0
60 31 0
60 32 0
60 33 1
60 34 1
60 35 1
60 36 0
60 37 0
60 38 0
60 39 0
60 40 1
60 41 1
60 42 0
60 43 0
60 44 1
60 45 0
60 46 1
60 47 0
60 48 0
60 49 1
60 50 1
60 51 0
60 52 0
60 53 0
60 54 0
60 55 0
60 56 0
60 57 0
60 58 1
60 59 0
60 60 1
60 61 0
60 62 0
60 63 1
60 64 0
60 65 0
60 66 1
60 67 0
60 68 0
60 69 0
60 70 0
60 71 0
60 72 0
60 73 1
60 74 0
60 75 0
60 76 0
60 77 1
60 78 0
60 79 1
60 80 0
60 81 0
60 82 0
60 83 0
60 84 0
60 85 1
60 86 0
60 87 1
60 88 1
60 89 0
60 90 0
60 91 1
60 92 0
60 93 0
60 94 0
60 95 0
60 96 0
60 97 1
60 98 0
60 99 1
60 100 1
61 0 1
61 1 1
61 2 1
61 3 1
61 4 0
61 5 0
61 6 0
61 7 0
61 8 0
61 9 1
61 10 0
61 11 1
61 12 0
61 13 0
61 14 0
61 15 0
61 16 0
61 17 0
61 18 0
61 19 0
61 20 1
61 21 1
61 22 1
61 23 0
61 24 0
61 25 1
61 26 0
61 27 0
61 28 1
61 29 0
61 30 1
61 31 1
61 32 1
61 33 1
61 34 1
61 35 0
61 36 0
61 37 0
61 38 1
61 39 1
61 40 0
61 41 0
61 42 1
61 43 0
61 44 0
61 45 0
61 46 0
61 47 1
61 48 0
61 49 0
61 50 1
61 51 0
61 52 1
61 53 0
61 54 0
61 55 0
61 56 0
61 57 0
61 58 0
61 59 1
61 60 0
61 61 1
61 62 0
61 63 0
61 64 1
61 65 0
61 66 0
61 67 0
61 68 1
61 69 1
61 70 0
61 71 0
61 72 0
61 73 0
61 74 0
61 75 1
61 76 0
61 77 1
61 78 0
61 79 1
61 80 0
61 81 0
61 82 0
61 83 1
61 84 0
61 85 0
61 86 1
61 87 0
61 88 1
61 89 0
61 90 0
61 91 1
61 92 1
61 93 1
61 94 0
61 95 0
61 96 0
61 97 1
61 98 0
61 99 0
61 100 0
62 0 0
62 1 0
62 2 0
62 3 1
62 4 0
62 5 0
62 6 0
62 7 1
62 8 0
62 9 0
62 10 0
62 11 0
62 12 0
62 13 0
62 14 0
62 15 0
62 16 0
62 17 1
62 18 1
62 19 0
62 20 1
62 21 0
62 22 0
62 23 0
62 24 0
62 25 1
62 26 1
62 27 0
62 28 1
62 29 1
62 30 0
62 31 0
62 32 0
62 33 1
62 34 0
62 35 1
62 36 0
62 37 0
62 38 0
62 39 1
62 40 1
62 41 0
62 42 0
62 43 0
62 44 1
62 45 0
62 46 1
62 47 0
62 48 0
62 49 0
62 50 1
62 51 1
62 52 0
62 53 0
62 54 0
62 55 0
62 56 0
62 57 0
62 58 0
62 59 0
62 60 1
62 61 0
62 62 1
62 63 0
62 64 0
62 65 0
62 66 0
62 67 1
62 68 0
62 69 0
62 70 0
62 71 1
62 72 0
62 73 1
62 74 0
62 75 0
62 76 0
62 77 0
62 78 0
62 79 0
62 80 1
62 81 0
62 82 0
62 83 0
62 84 1
62 85 0
62 86 0
62 87 0
62 88 0
62 89 0
62 90 1
62 91 0
62 92 0
62 93 0
62 94 0
62 95 1
62 96 0
62 97 1
62 98 1
62 99 0
62 100 0
63 0 0
63 1 0
63 2 1
63 3 1
63 4 0
63 5 0
63 6 1
63 7 0
63 8 1
63 9 0
63 10 1
63 11 0
63 12 0
63 13 0
63 14 1
63 15 0
63 16 1
63 17 0
63 18 1
63 19 0
63 20 0
63 21 0
63 22 1
63 23 1
63 24 0
63 25 0
63 26 1
63 27 1
63 28 1
63 29 0
63 30 0
63 31 1
63 32 0
63 33 1
63 34 0
63 35 1
63 36 0
63 37 0
63 38 1
63 39 0
63 40 1
63 41 0
63 42 0
63 43 1
63 44 1
63 45 0
63 46 0
63 47 0
63 48 1
63 49 1
63 50 1
63 51 1
63 52 0
63 53 1
63 54 0
63 55 0
63 56 1
63 57 1
63 58 0
63 59 0
63 60 1
63 61 0
63 62 1
63 63 0
63 64 1
63 65 0
63 66 0
63 67 0
63 68 1
63 69 0
63 70 0
63 71 1
63 72 1
63 73 0
63 74 0
63 75 1
63 76 0
63 77 0
63 78 1
63 79 0
63 80 0
63 81 0
63 82 1
63 83 1
63 84 0
63 85 0
63 86 0
63 87 0
63 88 1
63 89 0
63 90 1
63 91 1
63 92 0
63 93 1
63 94 0
63 95 0
63 96 1
63 97 1
63 98 0
63 99 0
63 100 0
64 0 0
64 1 0
64 2 1
64 3 1
64 4 0
64 5 1
64 6 1
64 7 0
64 8 0
64 9 0
64 10 1
64 11 1
64 12 0
64 13 0
64 14 1
64 15 0
64 16 0
64 17 0
64 18 0
64 19 0
64 20 0
64 21 0
64 22 1
64 23 0
64 24 0
64 25 1
64 26 1
64 27 1
64 28 0
64 29 1
64 30 0
64 31 0
64 32 1
64 33 0
64 34 0
64 35 0
64 36 0
64 37 1
64 38 0
64 39 0
64 40 0
64 41 0
64 42 0
64 43 1
64 44 0
64 45 1
64 46 0
64 47 1
64 48 1
64 49 1
64 50 0
64 51 1
64 52 0
64 53 0
64 54 1
64 55 0
64 56 1
64 57 0
64 58 1
64 59 1
64 60 0
64 61 0
64 62 1
64 63 0
64 64 0
64 65 1
64 66 0
64 67 0
64 68 0
64 69 1
64 70 0
64 71 0
64 72 0
64 73 1
64 74 0
64 75 0
64 76 0
64 77 0
64 78 0
64 79 1
64 80 1
64 81 1
64 82 1
64 83 0
64 84 0
64 85 0
64 86 1
64 87 0
64 88 0
64 89 0
64 90 0
64 91 1
64 92 0
64 93 0
64 94 0
64 95 0
64 96 0
64 97 0
64 98 0
64 99 0
64 100 0
65 0 0
65 1 1
65 2 0
65 3 0
65 4 1
65 5 1
65 6 1
65 7 0
65 8 0
65 9 0
65 10 1
65 11 0
65 12 1
65 13 0
65 14 1
65 15 0
65 16 0
65 17 0
65 18 0
65 19 0
65 20 0
65 21 0
65 22 0
65 23 1
65 24 0
65 25 1
65 26 0
65 27 1
65 28 0
65 29 0
65 30 0
65 31 0
65 32 0
65 33 0
65 34 1
65 35 0
65 36 0
65 37 1
65 38 0
65 39 0
65 40 0
65 41 1
65 42 0
65 43 0
65 44 1
65 45 1
65 46 0
65 47 0
65 48 0
65 49 0
65 50 1
65 51 0
65 52 0
65 53 1
65 54 1
65 55 0
65 56 1
65 57 1
65 58 0
65 59 0
65 60 1
65 61 0
65 62 0
65 63 1
65 64 0
65 65 1
65 66 0
65 67 1
65 68 0
65 69 0
65 70 1
65 71 0
65 72 0
65 73 0
65 74 1
65 75 1
65 76 0
65 77 1
65 78 1
65 79 0
65 80 1
65 81 0
65 82 0
65 83 0
65 84 0
65 85 1
65 86 1
65 87 0
65 88 0
65 89 1
65 90 0
65 91 1
65 92 1
65 93 0
65 94 0
65 95 0
65 96 0
65 97 0
65 98 0
65 99 0
65 100 1
66 0 1
66 1 1
66 2 0
66 3 0
66 4 0
66 5 0
66 6 0
66 7 0
66 8 0
66 9 0
66 10 1
66 11 0
66 12 1
66 13 0
66 14 1
66 15 1
66 16 1
66 17 1
66 18 0
66 19 0
66 20 0
66 21 1
66 22 0
66 23 1
66 24 0
66 25 0
66 26 1
66 27 1
66 28 0
66 29 0
66 30 1
66 31 0
66 32 1
66 33 0
66 34 0
66 35 0
66 36 1
66 37 0
66 38 1
66 39 0
66 40 0
66 41 0
66 42 0
66 43 1
66 44 0
66 45 0
66 46 1
66 47 0
66 48 0
66 49 1
66 50 1
66 51 0
66 52 0
66 53 1
66 54 0
66 55 1
66 56 1
66 57 0
66 58 0
66 59 0
66 60 0
66 61 1
66 62 0
66 63 1
66 64 0
66 65 1
66 66 1
66 67 0
66 68 1
66 69 0
66 70 1
66 71 0
66 72 0
66 73 0
66 74 0
66 75 0
66 76 1
66 77 1
66 78 0
66 79 0
66 80 1
66 81 1
66 82 0
66 83 0
66 84 0
66 85 1
66 86 1
66 87 1
66 88 0
66 89 0
66 90 0
66 91 0
66 92 0
66 93 0
66 94 0
66 95 0
66 96 1
66 97 0
66 98 1
66 99 1
66 100 1
67 0 1
67 1 0
67 2 0
67 3 0
67 4 0
67 5 0
67 6 0
67 7 0
67 8 1
67 9 1
67 10 0
67 11 1
67 12 1
67 13 0
67 14 0
67 15 1
67 16 0
67 17 0
67 18 0
67 19 1
67 20 0
67 21 0
67 22 1
67 23 1
67 24 0
67 25 1
67 26 0
67 27 1
67 28 1
67 29 1
67 30 1
67 31 0
67 32 0
67 33 1
67 34 1
67 35 1
67 36 0
67 37 0
67 38 1
67 39 1
67 40 0
67 41 1
67 42 0
67 43 1
67 44 0
67 45 1
67 46 1
67 47 0
67 48 0
67 49 1
67 50 0
67 51 0
67 52 1
67 53 1
67 54 0
67 55 0
67 56 1
67 57 1
67 58 1
67 59 0
67 60 0
67 61 0
67 62 0
67 63 1
67 64 0
67 65 1
67 66 0
67 67 1
67 68 0
67 69 0
67 70 0
67 71 1
67 72 0
67 73 1
67 74 1
67 75 1
67 76 0
67 77 0
67 78 0
67 79 1
67 80 1
67 81 1
67 82 0
67 83 1
67 84 1
67 85 1
67 86 0
67 87 0
67 88 0
67 89 1
67 90 0
67 91 1
67 92 1
67 93 0
67 94 0
67 95 1
67 96 1
67 97 1
67 98 0
67 99 1
67 100 1
68 0 0
68 1 0
68 2 1
68 3 1
68 4 0
68 5 0
68 6 1
68 7 0
68 8 0
68 9 1
68 10 1
68 11 0
68 12 0
68 13 0
68 14 0
68 15 1
68 16 1
68 17 1
68 18 1
68 19 0
68 20 1
68 21 1
68 22 1
68 23 0
68 24 0
68 25 1
68 26 1
68 27 0
68 28 1
68 29 1
68 30 1
68 31 0
68 32 0
68 33 0
68 34 0
68 35 0
68 36 0
68 37 1
68 38 1
68 39 1
68 40 1
68 41 1
68 42 0
68 43 0
68 44 0
68 45 1
68 46 0
68 47 0
68 48 0
68 49 1
68 50 1
68 51 0
68 52 1
68 53 0
68 54 0
68 55 0
68 56 0
68 57 0
68 58 1
68 59 0
68 60 0
68 61 0
68 62 1
68 63 1
68 64 0
68 65 1
68 66 0
68 67 1
68 68 0
68 69 0
68 70 0
68 71 0
68 72 1
68 73 0
68 74 0
68 75 1
68 76 1
68 77 0
68 78 0
68 79 1
68 80 1
68 81 0
68 82 1
68 83 0
68 84 0
68 85 0
68 86 1
68 87 0
68 88 0
68 89 0
68 90 0
68 91 0
68 92 0
68 93 1
68 94 0
68 95 0
68 96 1
68 97 1
68 98 0
68 99 1
68 100 1
69 0 0
69 1 1
69 2 0
69 3 0
69 4 1
69 5 0
69 6 1
69 7 0
69 8 1
69 9 0
69 10 0
69 11 0
69 12 1
69 13 0
69 14 1
69 15 1
69 16 0
69 17 0
69 18 0
69 19 1
69 20 1
69 21 0
69 22 1
69 23 0
69 24 1
69 25 0
69 26 1
69 27 0
69 28 0
69 29 1
69 30 1
69 31 0
69 32 0
69 33 0
69 34 1
69 35 1
69 36 0
69 37 1
69 38 0
69 39 0
69 40 1
69 41 1
69 42 0
69 43 1
69 44 0
69 45 0
69 46 0
69 47 0
69 48 1
69 49 1
69 50 1
69 51 0
69 52 0
69 53 1
69 54 0
69 55 0
69 56 0
69 57 1
69 58 1
69 59 0
69 60 1
69 61 0
69 62 0
69 63 0
69 64 1
69 65 0
69 66 0
69 67 0
69 68 0
69 69 0
69 70 1
69 71 1
69 72 0
69 73 0
69 74 0
69 75 0
69 76 0
69 77 0
69 78 0
69 79 1
69 80 1
69 81 1
69 82 0
69 83 0
69 84 0
69 85 0
69 86 1
69 87 1
69 88 0
69 89 0
69 90 0
69 91 0
69 92 1
69 93 0
69 94 0
69 95 1
69 96 1
69 97 0
69 98 1
69 99 1
69 100 0
70 0 0
70 1 1
70 2 0
70 3 1
70 4 0
70 5 0
70 6 0
70 7 1
70 8 1
70 9 0
70 10 0
70 11 1
70 12 0
70 13 0
70 14 0
70 15 0
70 16 1
70 17 0
70 18 0
70 19 1
70 20 0
70 21 1
70 22 0
70 23 1
70 24 1
70 25 0
70 26 1
70 27 1
70 28 0
70 29 0
70 30 0
70 31 1
70 32 1
70 33 0
70 34 1
70 35 1
70 36 0
70 37 0
70 38 0
70 39 0
70 40 1
70 41 0
70 42 1
70 43 0
70 44 0
70 45 1
70 46 1
70 47 1
70 48 0
70 49 0
70 50 0
70 51 0
70 52 0
70 53 1
70 54 0
70 55 0
70 56 0
70 57 1
70 58 0
70 59 0
70 60 0
70 61 0
70 62 0
70 63 1
70 64 0
70 65 1
70 66 0
70 67 0
70 68 1
70 69 0
70 70 0
70 71 0
70 72 1
70 73 0
70 74 0
70 75 0
70 76 1
70 77 1
70 78 0
70 79 1
70 80 0
70 81 1
70 82 0
70 83 0
70 84 0
70 85 0
70 86 1
70 87 1
70 88 1
70 89 1
70 90 0
70 91 1
70 92 1
70 93 0
70 94 1
70 95 0
70 96 0
70 97 0
70 98 1
70 99 1
70 100 0
71 0 1
71 1 0
71 2 1
71 3 1
71 4 0
71 5 0
71 6 0
71 7 1
71 8 0
71 9 0
71 10 0
71 11 1
71 12 1
71 13 1
71 14 1
71 15 0
71 16 0
71 17 0
71 18 0
71 19 0
71 20 1
71 21 1
71 22 1
71 23 0
71 24 0
71 25 0
71 26 1
71 27 1
71 28 0
71 29 0
71 30 0
71 31 1
71 32 1
71 33 1
71 34 1
71 35 0
71 36 1
71 37 1
71 38 0
71 39 0
71 40 0
71 41 0
71 42 0
71 43 0
71 44 1
71 45 1
71 46 0
71 47 0
71 48 0
71 49 1
71 50 0
71 51 0
71 52 0
71 53 1
71 54 0
71 55 1
71 56 1
71 57 0
71 58 0
71 59 0
71 60 0
71 61 1
71 62 1
71 63 1
71 64 0
71 65 0
71 66 1
71 67 0
71 68 0
71 69 0
71 70 1
71 71 1
71 72 0
71 73 0
71 74 1
71 75 1
71 76 1
71 77 1
71 78 0
71 79 0
71 80 1
71 81 1
71 82 1
71 83 0
71 84 0
71 85 0
71 86 0
71 87 0
71 88 1
71 89 1
71 90 1
71 91 0
71 92 0
71 93 0
71 94 0
71 95 0
71 96 1
71 97 0
71 98 1
71 99 1
71 100 0
72 0 0
72 1 1
72 2 0
72 3 0
72 4 0
72 5 1
72 6 0
72 7 0
72 8 0
72 9 1
72 10 1
72 11 0
72 12 0
72 13 0
72 14 1
72 15 1
72 16 0
72 17 1
72 18 1
72 19 0
72 20 1
72 21 1
72 22 1
72 23 1
72 24 0
72 25 0
72 26 0
72 27 0
72 28 1
72 29 1
72 30 0
72 31 1
72 32 0
72 33 0
72 34 0
72 35 1
72 36 0
72 37 0
72 38 0
72 39 0
72 40 0
72 41 0
72 42 0
72 43 0
72 44 1
72 45 0
72 46 0
72 47 1
72 48 1
72 49 1
72 50 0
72 51 0
72 52 0
72 53 1
72 54 1
72 55 0
72 56 1
72 57 1
72 58 1
72 59 1
72 60 0
72 61 0
72 62 0
72 63 0
72 64 1
72 65 0
72 66 1
72 67 0
72 68 0
72 69 0
72 70 0
72 71 0
72 72 1
72 73 0
72 74 0
72 75 1
72 76 1
72 77 0
72 78 0
72 79 1
72 80 0
72 81 0
72 82 1
72 83 0
72 84 0
72 85 0
72 86 1
72 87 0
72 88 0
72 89 0
72 90 0
72 91 0
72 92 0
72 93 1
72 94 0
72 95 0
72 96 0
72 97 1
72 98 0
72 99 0
72 100 1
73 0 1
73 1 1
73 2 1
73 3 0
73 4 1
73 5 0
73 6 0
73 7 1
73 8 1
73 9 0
73 10 0
73 11 0
73 12 0
73 13 0
73 14 0
73 15 0
73 16 0
73 17 0
73 18 1
73 19 0
73 20 0
73 21 1
73 22 0
73 23 0
73 24 0
73 25 1
73 26 1
73 27 1
73 28 0
73 29 1
73 30 0
73 31 0
73 32 0
73 33 0
73 34 0
73 35 0
73 36 0
73 37 0
73 38 1
73 39 0
73 40 0
73 41 1
73 42 0
73 43 0
73 44 1
73 45 0
73 46 0
73 47 1
73 48 0
73 49 0
73 50 0
73 51 1
73 52 0
73 53 0
73 54 0
73 55 0
73 56 0
73 57 0
73 58 0
73 59 0
73 60 1
73 61 0
73 62 1
73 63 0
73 64 0
73 65 0
73 66 0
73 67 0
73 68 1
73 69 1
73 70 0
73 71 0
73 72 0
73 73 1
73 74 1
73 75 1
73 76 1
73 77 0
73 78 0
73 79 0
73 80 0
73 81 0
73 82 0
73 83 0
73 84 1
73 85 0
73 86 0
73 87 0
73 88 0
73 89 0
73 90 1
73 91 0
73 92 0
73 93 0
73 94 0
73 95 0
73 96 1
73 97 0
73 98 1
73 99 1
73 100 0
74 0 0
74 1 0
74 2 1
74 3 0
74 4 0
74 5 1
74 6 0
74 7 0
74 8 1
74 9 0
74 10 0
74 11 0
74 12 1
74 13 0
74 14 0
74 15 1
74 16 1
74 17 1
74 18 0
74 19 0
74 20 0
74 21 0
74 22 0
74 23 0
74 24 0
74 25 0
74 26 0
74 27 1
74 28 0
74 29 1
74 30 0
74 31 0
74 32 0
74 33 1
74 34 0
74 35 0
74 36 0
74 37 0
74 38 1
74 39 0
74 40 1
74 41 1
74 42 0
74 43 0
74 44 0
74 45 0
74 46 0
74 47 0
74 48 1
74 49 1
74 50 1
74 51 1
74 52 0
74 53 0
74 54 0
74 55 0
74 56 0
74 57 0
74 58 0
74 59 0
74 60 0
74 61 1
74 62 1
74 63 0
74 64 0
74 65 0
74 66 1
74 67 0
74 68 1
74 69 0
74 70 1
74 71 1
74 72 1
74 73 0
74 74 0
74 75 1
74 76 0
74 77 1
74 78 0
74 79 0
74 80 0
74 81 0
74 82 1
74 83 1
74 84 1
74 85 0
74 86 1
74 87 1
74 88 1
74 89 0
74 90 1
74 91 0
74 92 0
74 93 1
74 94 1
74 95 1
74 96 1
74 97 0
74 98 0
74 99 1
74 100 1
75 0 0
75 1 1
75 2 1
75 3 1
75 4 0
75 5 0
75 6 1
75 7 0
75 8 0
75 9 0
75 10 1
75 11 0
75 12 0
75 13 0
75 14 1
75 15 0
75 16 0
75 17 0
75 18 0
75 19 0
75 20 1
75 21 0
75 22 1
75 23 0
75 24 0
75 25 1
75 26 0
75 27 0
75 28 0
75 29 0
75 30 0
75 31 0
75 32 0
75 33 0
75 34 1
75 35 0
75 36 0
75 37 0
75 38 1
75 39 0
75 40 1
75 41 0
75 42 1
75 43 0
75 44 0
75 45 0
75 46 0
75 47 1
75 48 0
75 49 1
75 50 0
75 51 0
75 52 0
75 53 0
75 54 1
75 55 0
75 56 1
75 57 1
75 58 1
75 59 1
75 60 0
75 61 1
75 62 0
75 63 0
75 64 1
75 65 0
75 66 0
75 67 0
75 68 0
75 69 1
75 70 0
75 71 0
75 72 0
75 73 0
75 74 0
75 75 1
75 76 1
75 77 0
75 78 0
75 79 0
75 80 0
75 81 0
75 82 0
75 83 0
75 84 0
75 85 0
75 86 0
75 87 0
75 88 1
75 89 0
75 90 0
75 91 1
75 92 0
75 93 0
75 94 0
75 95 1
75 96 0
75 97 1
75 98 1
75 99 1
75 100 1
76 0 0
76 1 1
76 2 0
76 3 1
76 4 1
76 5 0
76 6 1
76 7 0
76 8 0
76 9 1
76 10 0
76 11 1
76 12 1
76 13 0
76 14 0
76 15 0
76 16 1
76 17 0
76 18 0
76 19 0
76 20 0
76 21 1
76 22 0
76 23 1
76 24 0
76 25 1
76 26 1
76 27 0
76 28 0
76 29 0
76 30 0
76 31 1
76 32 1
76 33 0
76 34 1
76 35 0
76 36 0
76 37 0
76 38 0
76 39 1
76 40 0
76 41 0
76 42 1
76 43 0
76 44 0
76 45 1
76 46 1
76 47 0
76 48 0
76 49 0
76 50 1
76 51 0
76 52 0
76 53 1
76 54 1
76 55 0
76 56 1
76 57 0
76 58 0
76 59 0
76 60 1
76 61 0
76 62 0
76 63 0
76 64 0
76 65 0
76 66 0
76 67 1
76 68 1
76 69 0
76 70 0
76 71 1
76 72 1
76 73 0
76 74 0
76 75 0
76 76 0
76 77 0
76 78 1
76 79 1
76 80 1
76 81 0
76 82 1
76 83 0
76 84 0
76 85 0
76 86 1
76 87 0
76 88 0
76 89 1
76 90 0
76 91 0
76 92 0
76 93 0
76 94 0
76 95 0
76 96 0
76 97 1
76 98 0
76 99 1
76 100 1
77 0 0
77 1 0
77 2 0
77 3 1
77 4 0
77 5 0
77 6 0
77 7 1
77 8 1
77 9 1
77 10 1
77 11 0
77 12 0
77 13 1
77 14 0
77 15 0
77 16 0
77 17 1
77 18 1
77 19 0
77 20 0
77 21 1
77 22 1
77 23 0
77 24 0
77 25 0
77 26 1
77 27 0
77 28 0
77 29 0
77 30 0
77 31 0
77 32 1
77 33 1
77 34 0
77 35 0
77 36 0
77 37 0
77 38 1
77 39 1
77 40 1
77 41 0
77 42 0
77 43 1
77 44 1
77 45 0
77 46 1
77 47 1
77 48 0
77 49 0
77 50 0
77 51 0
77 52 0
77 53 0
77 54 1
77 55 1
77 56 1
77 57 0
77 58 0
77 59 0
77 60 1
77 61 1
77 62 0
77 63 0
77 64 0
77 65 0
77 66 1
77 67 0
77 68 0
77 69 0
77 70 1
77 71 0
77 72 0
77 73 0
77 74 1
77 75 0
77 76 1
77 77 0
77 78 0
77 79 0
77 80 0
77 81 0
77 82 0
77 83 0
77 84 0
77 85 0
77 86 1
77 87 1
77 88 0
77 89 0
77 90 1
77 91 1
77 92 1
77 93 1
77 94 0
77 95 1
77 96 0
77 97 0
77 98 1
77 99 0
77 100 1
78 0 0
78 1 0
78 2 0
78 3 0
78 4 0
78 5 0
78 6 1
78 7 1
78 8 0
78 9 0
78 10 1
78 11 1
78 12 0
78 13 1
78 14 0
78 15 1
78 16 0
78 17 0
78 18 0
78 19 1
78 20 0
78 21 0
78 22 0
78 23 0
78 24 0
78 25 0
78 26 1
78 27 0
78 28 0
78 29 0
78 30 1
78 31 0
78 32 1
78 33 1
78 34 0
78 35 0
78 36 1
78 37 0
78 38 0
78 39 0
78 40 0
78 41 1
78 42 1
78 43 0
78 44 0
78 45 0
78 46 0
78 47 1
78 48 0
78 49 0
78 50 0
78 51 1
78 52 0
78 53 0
78 54 0
78 55 1
78 56 0
78 57 0
78 58 0
78 59 1
78 60 0
78 61 1
78 62 1
78 63 0
78 64 0
78 65 0
78 66 1
78 67 0
78 68 1
78 69 1
78 70 1
78 71 0
78 72 0
78 73 0
78 74 1
78 75 0
78 76 0
78 77 0
78 78 1
78 79 0
78 80 1
78 81 0
78 82 1
78 83 1
78 84 1
78 85 0
78 86 1
78 87 0
78 88 1
78 89 1
78 90 0
78 91 0
78 92 0
78 93 1
78 94 0
78 95 0
78 96 1
78 97 1
78 98 1
78 99 0
78 100 0
79 0 0
79 1 0
79 2 1
79 3 1
79 4 0
79 5 0
79 6 0
79 7 1
79 8 0
79 9 0
79 10 0
79 11 0
79 12 1
79 13 0
79 14 0
79 15 1
79 16 0
79 17 1
79 18 0
79 19 0
79 20 0
79 21 0
79 22 0
79 23 0
79 24 0
79 25 0
79 26 0
79 27 0
79 28 1
79 29 1
79 30 0
79 31 1
79 32 1
79 33 0
79 34 0
79 35 0
79 36 1
79 37 1
79 38 0
79 39 1
79 40 0
79 41 0
79 42 0
79 43 0
79 44 0
79 45 1
79 46 0
79 47 0
79 48 0
79 49 0
79 50 1
79 51 1
79 52 1
79 53 0
79 54 0
79 55 1
79 56 1
79 57 0
79 58 0
79 59 0
79 60 0
79 61 1
79 62 1
79 63 0
79 64 0
79 65 0
79 66 0
79 67 0
79 68 0
79 69 1
79 70 0
79 71 1
79 72 1
79 73 0
79 74 1
79 75 0
79 76 1
79 77 0
79 78 0
79 79 0
79 80 0
79 81 0
79 82 0
79 83 1
79 84 1
79 85 0
79 86 0
79 87 0
79 88 0
79 89 0
79 90 0
79 91 0
79 92 0
79 93 1
79 94 0
79 95 0
79 96 0
79 97 0
79 98 0
79 99 0
79 100 0
80 0 0
80 1 1
80 2 1
80 3 0
80 4 1
80 5 0
80 6 1
80 7 1
80 8 1
80 9 0
80 10 0
80 11 0
80 12 0
80 13 1
80 14 0
80 15 1
80 16 1
80 17 1
80 18 0
80 19 0
80 20 0
80 21 0
80 22 0
80 23 1
80 24 0
80 25 0
80 26 1
80 27 0
80 28 0
80 29 0
80 30 0
80 31 0
80 32 0
80 33 1
80 34 1
80 35 0
80 36 0
80 37 1
80 38 1
80 39 0
80 40 1
80 41 1
80 42 0
80 43 0
80 44 0
80 45 1
80 46 0
80 47 1
80 48 1
80 49 1
80 50 1
80 51 0
80 52 0
80 53 0
80 54 1
80 55 0
80 56 0
80 57 0
80 58 1
80 59 0
80 60 0
80 61 0
80 62 0
80 63 0
80 64 0
80 65 0
80 66 0
80 67 0
80 68 0
80 69 0
80 70 1
80 71 1
80 72 0
80 73 1
80 74 0
80 75 0
80 76 0
80 77 0
80 78 1
80 79 1
80 80 0
80 81 1
80 82 0
80 83 0
80 84 0
80 85 0
80 86 0
80 87 0
80 88 1
80 89 1
80 90 0
80 91 0
80 92 1
80 93 1
80 94 0
80 95 0
80 96 0
80 97 0
80 98 0
80 99 0
80 100 0
81 0 0
81 1 1
81 2 0
81 3 0
81 4 0
81 5 1
81 6 1
81 7 0
81 8 0
81 9 0
81 10 0
81 11 1
81 12 0
81 13 1
81 14 1
81 15 0
81 16 0
81 17 0
81 18 0
81 19 0
81 20 0
81 21 0
81 22 0
81 23 0
81 24 1
81 25 0
81 26 0
81 27 1
81 28 1
81 29 0
81 30 0
81 31 0
81 32 1
81 33 1
81 34 1
81 35 0
81 36 0
81 37 0
81 38 0
81 39 0
81 40 0
81 41 0
81 42 1
81 43 1
81 44 0
81 45 0
81 46 1
81 47 0
81 48 1
81 49 1
81 50 0
81 51 0
81 52 0
81 53 0
81 54 0
81 55 1
81 56 0
81 57 1
81 58 0
81 59 1
81 60 0
81 61 1
81 62 0
81 63 0
81 64 0
81 65 1
81 66 0
81 67 0
81 68 1
81 69 0
81 70 0
81 71 1
81 72 0
81 73 0
81 74 0
81 75 0
81 76 0
81 77 0
81 78 1
81 79 1
81 80 0
81 81 0
81 82 1
81 83 0
81 84 0
81 85 1
81 86 1
81 87 0
81 88 1
81 89 1
81 90 1
81 91 0
81 92 1
81 93 0
81 94 0
81 95 0
81 96 0
81 97 0
81 98 0
81 99 1
81 100 1
82 0 0
82 1 0
82 2 0
82 3 0
82 4 0
82 5 0
82 6 1
82 7 1
82 8 1
82 9 0
82 10 1
82 11 1
82 12 1
82 13 1
82 14 0
82 15 0
82 16 0
82 17 0
82 18 0
82 19 0
82 20 1
82 21 1
82 22 1
82 23 0
82 24 0
82 25 1
82 26 0
82 27 0
82 28 0
82 29 0
82 30 0
82 31 1
82 32 1
82 33 1
82 34 1
82 35 1
82 36 0
82 37 0
82 38 0
82 39 0
82 40 1
82 41 0
82 42 0
82 43 0
82 44 1
82 45 0
82 46 1
82 47 1
82 48 0
82 49 1
82 50 0
82 51 0
82 52 0
82 53 0
82 54 0
82 55 1
82 56 0
82 57 0
82 58 1
82 59 1
82 60 1
82 61 0
82 62 1
82 63 0
82 64 0
82 65 0
82 66 1
82 67 0
82 68 0
82 69 0
82 70 0
82 71 0
82 72 0
82 73 0
82 74 0
82 75 0
82 76 0
82 77 1
82 78 0
82 79 1
82 80 0
82 81 0
82 82 0
82 83 1
82 84 1
82 85 0
82 86 1
82 87 0
82 88 1
82 89 0
82 90 1
82 91 1
82 92 0
82 93 0
82 94 0
82 95 0
82 96 0
82 97 0
82 98 1
82 99 1
82 100 0
83 0 0
83 1 0
83 2 0
83 3 0
83 4 0
83 5 1
83 6 1
83 7 0
83 8 0
83 9 1
83 10 1
83 11 0
83 12 1
83 13 0
83 14 1
83 15 1
83 16 1
83 17 1
83 18 0
83 19 1
83 20 1
83 21 1
83 22 0
83 23 0
83 24 0
83 25 1
83 26 0
83 27 0
83 28 1
83 29 0
83 30 1
83 31 1
83 32 1
83 33 1
83 34 1
83 35 0
83 36 0
83 37 0
83 38 0
83 39 0
83 40 0
83 41 1
83 42 1
83 43 0
83 44 0
83 45 1
83 46 0
83 47 0
83 48 1
83 49 0
83 50 0
83 51 1
83 52 1
83 53 1
83 54 0
83 55 0
83 56 0
83 57 0
83 58 0
83 59 0
83 60 0
83 61 1
83 62 0
83 63 0
83 64 1
83 65 1
83 66 0
83 67 0
83 68 0
83 69 0
83 70 0
83 71 1
83 72 0
83 73 0
83 74 0
83 75 1
83 76 0
83 77 1
83 78 1
83 79 1
83 80 0
83 81 0
83 82 0
83 83 0
83 84 0
83 85 0
83 86 0
83 87 0
83 88 0
83 89 0
83 90 0
83 91 0
83 92 0
83 93 0
83 94 0
83 95 0
83 96 1
83 97 1
83 98 1
83 99 0
83 100 0
84 0 1
84 1 0
84 2 1
84 3 1
84 4 1
84 5 1
84 6 1
84 7 1
84 8 0
84 9 0
84 10 0
84 11 0
84 12 1
84 13 1
84 14 0
84 15 0
84 16 1
84 17 0
84 18 1
84 19 0
84 20 1
84 21 0
84 22 0
84 23 0
84 24 1
84 25 1
84 26 0
84 27 1
84 28 0
84 29 1
84 30 0
84 31 1
84 32 1
84 33 0
84 34 1
84 35 0
84 36 1
84 37 0
84 38 0
84 39 0
84 40 1
84 41 0
84 42 0
84 43 1
84 44 0
84 45 0
84 46 1
84 47 1
84 48 0
84 49 0
84 50 0
84 51 1
84 52 0
84 53 0
84 54 0
84 55 0
84 56 0
84 57 0
84 58 1
84 59 0
84 60 0
84 61 0
84 62 1
84 63 0
84 64 1
84 65 0
84 66 0
84 67 1
84 68 0
84 69 0
84 70 1
84 71 0
84 72 0
84 73 1
84 74 0
84 75 1
84 76 0
84 77 1
84 78 0
84 79 0
84 80 1
84 81 1
84 82 0
84 83 1
84 84 1
84 85 0
84 86 0
84 87 0
84 88 0
84 89 0
84 90 0
84 91 1
84 92 1
84 93 0
84 94 1
84 95 1
84 96 1
84 97 1
84 98 0
84 99 1
84 100 1
85 0 0
85 1 0
85 2 1
85 3 0
85 4 1
85 5 1
85 6 1
85 7 0
85 8 0
85 9 0
85 10 0
85 11 0
85 12 1
85 13 1
85 14 0
85 15 1
85 16 0
85 17 1
85 18 1
85 19 0
85 20 0
85 21 0
85 22 0
85 23 0
85 24 1
85 25 0
85 26 0
85 27 1
85 28 0
85 29 0
85 30 1
85 31 0
85 32 1
85 33 0
85 34 1
85 35 0
85 36 0
85 37 1
85 38 1
85 39 1
85 40 0
85 41 1
85 42 1
85 43 0
85 44 0
85 45 0
85 46 0
85 47 1
85 48 0
85 49 1
85 50 0
85 51 0
85 52 0
85 53 0
85 54 0
85 55 0
85 56 0
85 57 0
85 58 0
85 59 0
85 60 1
85 61 0
85 62 0
85 63 1
85 64 0
85 65 0
85 66 0
85 67 1
85 68 0
85 69 0
85 70 1
85 71 1
85 72 0
85 73 0
85 74 1
85 75 1
85 76 0
85 77 1
85 78 1
85 79 0
85 80 1
85 81 0
85 82 1
85 83 0
85 84 1
85 85 0
85 86 0
85 87 1
85 88 0
85 89 1
85 90 1
85 91 1
85 92 0
85 93 1
85 94 0
85 95 1
85 96 1
85 97 0
85 98 0
85 99 1
85 100 1
86 0 0
86 1 0
86 2 1
86 3 1
86 4 0
86 5 0
86 6 1
86 7 1
86 8 0
86 9 1
86 10 0
86 11 0
86 12 0
86 13 1
86 14 1
86 15 0
86 16 0
86 17 0
86 18 0
86 19 1
86 20 0
86 21 0
86 22 0
86 23 0
86 24 0
86 25 1
86 26 0
86 27 0
86 28 0
86 29 0
86 30 0
86 31 0
86 32 0
86 33 0
86 34 1
86 35 1
86 36 0
86 37 0
86 38 0
86 39 0
86 40 0
86 41 0
86 42 1
86 43 0
86 44 1
86 45 1
86 46 0
86 47 1
86 48 1
86 49 1
86 50 0
86 51 0
86 52 0
86 53 0
86 54 1
86 55 0
86 56 0
86 57 0
86 58 1
86 59 1
86 60 1
86 61 1
86 62 0
86 63 1
86 64 0
86 65 0
86 66 1
86 67 1
86 68 0
86 69 0
86 70 0
86 71 0
86 72 0
86 73 0
86 74 0
86 75 0
86 76 0
86 77 1
86 78 1
86 79 0
86 80 1
86 81 0
86 82 0
86 83 0
86 84 0
86 85 0
86 86 0
86 87 1
86 88 1
86 89 0
86 90 0
86 91 1
86 92 0
86 93 0
86 94 1
86 95 0
86 96 1
86 97 0
86 98 0
86 99 0
86 100 0
87 0 0
87 1 1
87 2 0
87 3 0
87 4 1
87 5 0
87 6 1
87 7 0
87 8 0
87 9 0
87 10 0
87 11 0
87 12 1
87 13 0
87 14 0
87 15 0
87 16 1
87 17 1
87 18 0
87 19 1
87 20 0
87 21 0
87 22 0
87 23 1
87 24 1
87 25 0
87 26 0
87 27 1
87 28 0
87 29 0
87 30 0
87 31 0
87 32 1
87 33 0
87 34 1
87 35 0
87 36 0
87 37 0
87 38 0
87 39 0
87 40 1
87 41 0
87 42 1
87 43 1
87 44 1
87 45 1
87 46 0
87 47 0
87 48 1
87 49 0
87 50 0
87 51 0
87 52 0
87 53 1
87 54 0
87 55 0
87 56 1
87 57 0
87 58 0
87 59 0
87 60 1
87 61 1
87 62 0
87 63 1
87 64 0
87 65 1
87 66 1
87 67 1
87 68 0
87 69 0
87 70 0
87 71 1
87 72 0
87 73 0
87 74 0
87 75 0
87 76 0
87 77 1
87 78 1
87 79 0
87 80 0
87 81 0
87 82 0
87 83 1
87 84 0
87 85 0
87 86 0
87 87 0
87 88 0
87 89 1
87 90 0
87 91 1
87 92 1
87 93 1
87 94 1
87 95 1
87 96 1
87 97 1
87 98 0
87 99 0
87 100 1
88 0 1
88 1 1
88 2 0
88 3 1
88 4 1
88 5 1
88 6 0
88 7 0
88 8 0
88 9 0
88 10 1
88 11 0
88 12 1
88 13 0
88 14 1
88 15 0
88 16 0
88 17 0
88 18 0
88 19 0
88 20 1
88 21 1
88 22 1
88 23 0
88 24 0
88 25 0
88 26 1
88 27 0
88 28 0
88 29 0
88 30 0
88 31 0
88 32 0
88 33 0
88 34 0
88 35 0
88 36 0
88 37 0
88 38 0
88 39 0
88 40 0
88 41 0
88 42 1
88 43 1
88 44 0
88 45 0
88 46 0
88 47 1
88 48 0
88 49 1
88 50 0
88 51 0
88 52 1
88 53 0
88 54 1
88 55 1
88 56 0
88 57 0
88 58 1
88 59 0
88 60 1
88 61 0
88 62 0
88 63 0
88 64 1
88 65 1
88 66 0
88 67 1
88 68 0
88 69 1
88 70 0
88 71 0
88 72 0
88 73 0
88 74 0
88 75 1
88 76 1
88 77 0
88 78 0
88 79 0
88 80 0
88 81 0
88 82 0
88 83 0
88 84 0
88 85 0
88 86 0
88 87 1
88 88 0
88 89 1
88 90 0
88 91 0
88 92 0
88 93 0
88 94 0
88 95 0
88 96 1
88 97 0
88 98 1
88 99 0
88 100 0
89 0 0
89 1 0
89 2 0
89 3 0
89 4 1
89 5 1
89 6 0
89 7 0
89 8 1
89 9 1
89 10 0
89 11 0
89 12 1
89 13 1
89 14 0
89 15 0
89 16 0
89 17 0
89 18 0
89 19 0
89 20 0
89 21 0
89 22 1
89 23 0
89 24 1
89 25 1
89 26 0
89 27 1
89 28 0
89 29 1
89 30 1
89 31 0
89 32 0
89 33 1
89 34 1
89 35 0
89 36 0
89 37 1
89 38 1
89 39 0
89 40 0
89 41 1
89 42 0
89 43 1
89 44 1
89 45 0
89 46 1
89 47 1
89 48 1
89 49 0
89 50 0
89 51 0
89 52 1
89 53 0
89 54 0
89 55 0
89 56 0
89 57 0
89 58 1
89 59 1
89 60 0
89 61 1
89 62 0
89 63 1
89 64 0
89 65 0
89 66 0
89 67 0
89 68 1
89 69 0
89 70 0
89 71 0
89 72 0
89 73 0
89 74 1
89 75 0
89 76 0
89 77 0
89 78 0
89 79 0
89 80 0
89 81 1
89 82 0
89 83 1
89 84 0
89 85 1
89 86 0
89 87 0
89 88 1
89 89 1
89 90 0
89 91 0
89 92 0
89 93 0
89 94 0
89 95 0
89 96 1
89 97 0
89 98 1
89 99 1
89 100 0
90 0 0
90 1 0
90 2 1
90 3 0
90 4 0
90 5 0
90 6 1
90 7 0
90 8 0
90 9 0
90 10 0
90 11 1
90 12 0
90 13 0
90 14 0
90 15 0
90 16 0
90 17 0
90 18 0
90 19 1
90 20 1
90 21 0
90 22 0
90 23 0
90 24 0
90 25 0
90 26 1
90 27 1
90 28 1
90 29 1
90 30 1
90 31 0
90 32 0
90 33 1
90 34 0
90 35 0
90 36 1
90 37 1
90 38 1
90 39 1
90 40 0
90 41 0
90 42 0
90 43 0
90 44 0
90 45 0
90 46 0
90 47 0
90 48 1
90 49 0
90 50 1
90 51 1
90 52 0
90 53 0
90 54 0
90 55 0
90 56 0
90 57 0
90 58 0
90 59 1
90 60 1
90 61 1
90 62 0
90 63 1
90 64 1
90 65 0
90 66 0
90 67 0
90 68 0
90 69 0
90 70 1
90 71 1
90 72 1
90 73 1
90 74 1
90 75 0
90 76 1
90 77 0
90 78 0
90 79 0
90 80 0
90 81 1
90 82 0
90 83 1
90 84 1
90 85 0
90 86 0
90 87 0
90 88 0
90 89 0
90 90 0
90 91 0
90 92 1
90 93 0
90 94 1
90 95 0
90 96 0
90 97 0
90 98 1
90 99 1
90 100 0
91 0 1
91 1 1
91 2 0
91 3 0
91 4 1
91 5 0
91 6 1
91 7 1
91 8 0
91 9 1
91 10 0
91 11 0
91 12 0
91 13 1
91 14 0
91 15 0
91 16 0
91 17 0
91 18 0
91 19 0
91 20 0
91 21 0
91 22 0
91 23 0
91 24 0
91 25 0
91 26 1
91 27 1
91 28 0
91 29 1
91 30 0
91 31 1
91 32 0
91 33 0
91 34 0
91 35 1
91 36 1
91 37 1
91 38 0
91 39 0
91 40 0
91 41 0
91 42 0
91 43 0
91 44 0
91 45 0
91 46 0
91 47 0
91 48 1
91 49 1
91 50 0
91 51 0
91 52 1
91 53 0
91 54 1
91 55 0
91 56 0
91 57 0
91 58 0
91 59 1
91 60 0
91 61 0
91 62 0
91 63 0
91 64 1
91 65 0
91 66 1
91 67 0
91 68 0
91 69 1
91 70 1
91 71 0
91 72 0
91 73 0
91 74 0
91 75 0
91 76 1
91 77 1
91 78 1
91 79 0
91 80 0
91 81 1
91 82 0
91 83 1
91 84 0
91 85 1
91 86 1
91 87 0
91 88 0
91 89 0
91 90 1
91 91 0
91 92 1
91 93 0
91 94 1
91 95 0
91 96 0
91 97 0
91 98 0
91 99 0
91 100 0
92 0 0
92 1 0
92 2 1
92 3 0
92 4 0
92 5 0
92 6 0
92 7 0
92 8 0
92 9 0
92 10 1
92 11 0
92 12 0
92 13 1
92 14 0
92 15 0
92 16 0
92 17 1
92 18 0
92 19 1
92 20 0
92 21 0
92 22 0
92 23 1
92 24 1
92 25 0
92 26 0
92 27 0
92 28 1
92 29 1
92 30 0
92 31 0
92 32 1
92 33 0
92 34 0
92 35 1
92 36 1
92 37 1
92 38 1
92 39 0
92 40 0
92 41 0
92 42 0
92 43 0
92 44 0
92 45 1
92 46 1
92 47 0
92 48 1
92 49 0
92 50 0
92 51 1
92 52 0
92 53 0
92 54 0
92 55 0
92 56 0
92 57 0
92 58 1
92 59 0
92 60 1
92 61 0
92 62 1
92 63 0
92 64 1
92 65 0
92 66 0
92 67 1
92 68 1
92 69 0
92 70 1
92 71 0
92 72 0
92 73 0
92 74 0
92 75 1
92 76 1
92 77 0
92 78 0
92 79 1
92 80 0
92 81 1
92 82 0
92 83 0
92 84 1
92 85 1
92 86 0
92 87 0
92 88 1
92 89 0
92 90 1
92 91 0
92 92 0
92 93 0
92 94 0
92 95 0
92 96 1
92 97 0
92 98 0
92 99 1
92 100 1
93 0 1
93 1 1
93 2 1
93 3 1
93 4 1
93 5 0
93 6 0
93 7 0
93 8 0
93 9 0
93 10 0
93 11 1
93 12 0
93 13 0
93 14 1
93 15 0
93 16 0
93 17 0
93 18 0
93 19 1
93 20 0
93 21 0
93 22 1
93 23 0
93 24 1
93 25 0
93 26 0
93 27 0
93 28 1
93 29 1
93 30 1
93 31 0
93 32 1
93 33 1
93 34 0
93 35 1
93 36 0
93 37 0
93 38 1
93 39 1
93 40 0
93 41 1
93 42 0
93 43 0
93 44 1
93 45 0
93 46 0
93 47 0
93 48 1
93 49 1
93 50 0
93 51 1
93 52 0
93 53 0
93 54 0
93 55 1
93 56 0
93 57 0
93 58 1
93 59 1
93 60 1
93 61 0
93 62 0
93 63 0
93 64 0
93 65 1
93 66 0
93 67 0
93 68 0
93 69 1
93 70 1
93 71 0
93 72 0
93 73 0
93 74 1
93 75 0
93 76 0
93 77 0
93 78 1
93 79 0
93 80 1
93 81 1
93 82 0
93 83 0
93 84 0
93 85 0
93 86 1
93 87 1
93 88 1
93 89 0
93 90 1
93 91 1
93 92 0
93 93 0
93 94 0
93 95 1
93 96 1
93 97 1
93 98 1
93 99 1
93 100 0
94 0 0
94 1 1
94 2 0
94 3 0
94 4 0
94 5 1
94 6 0
94 7 0
94 8 0
94 9 1
94 10 1
94 11 0
94 12 0
94 13 0
94 14 0
94 15 1
94 16 0
94 17 1
94 18 1
94 19 0
94 20 1
94 21 0
94 22 0
94 23 1
94 24 1
94 25 1
94 26 1
94 27 1
94 28 1
94 29 0
94 30 0
94 31 1
94 32 0
94 33 1
94 34 0
94 35 1
94 36 1
94 37 0
94 38 0
94 39 0
94 40 0
94 41 0
94 42 1
94 43 0
94 44 0
94 45 0
94 46 1
94 47 1
94 48 1
94 49 0
94 50 0
94 51 0
94 52 0
94 53 0
94 54 0
94 55 1
94 56 1
94 57 1
94 58 1
94 59 0
94 60 0
94 61 0
94 62 0
94 63 0
94 64 1
94 65 1
94 66 0
94 67 0
94 68 1
94 69 0
94 70 0
94 71 0
94 72 0
94 73 0
94 74 0
94 75 1
94 76 0
94 77 1
94 78 1
94 79 0
94 80 1
94 81 0
94 82 0
94 83 0
94 84 1
94 85 0
94 86 1
94 87 1
94 88 0
94 89 1
94 90 0
94 91 0
94 92 0
94 93 0
94 94 1
94 95 1
94 96 0
94 97 0
94 98 1
94 99 0
94 100 0
95 0 1
95 1 0
95 2 1
95 3 0
95 4 1
95 5 0
95 6 0
95 7 0
95 8 1
95 9 0
95 10 0
95 11 0
95 12 0
95 13 0
95 14 1
95 15 1
95 16 0
95 17 0
95 18 1
95 19 0
95 20 1
95 21 0
95 22 0
95 23 0
95 24 0
95 25 0
95 26 0
95 27 0
95 28 0
95 29 1
95 30 0
95 31 0
95 32 0
95 33 0
95 34 0
95 35 0
95 36 0
95 37 0
95 38 0
95 39 0
95 40 1
95 41 1
95 42 0
95 43 1
95 44 1
95 45 1
95 46 1
95 47 0
95 48 0
95 49 1
95 50 1
95 51 1
95 52 1
95 53 0
95 54 0
95 55 0
95 56 0
95 57 1
95 58 1
95 59 0
95 60 1
95 61 0
95 62 1
95 63 0
95 64 0
95 65 1
95 66 1
95 67 1
95 68 0
95 69 1
95 70 1
95 71 1
95 72 0
95 73 1
95 74 0
95 75 0
95 76 0
95 77 1
95 78 1
95 79 0
95 80 1
95 81 0
95 82 0
95 83 0
95 84 1
95 85 0
95 86 0
95 87 1
95 88 0
95 89 0
95 90 0
95 91 0
95 92 0
95 93 1
95 94 1
95 95 1
95 96 1
95 97 0
95 98 0
95 99 0
95 100 0
96 0 0
96 1 0
96 2 0
96 3 0
96 4 0
96 5 1
96 6 0
96 7 0
96 8 0
96 9 0
96 10 0
96 11 1
96 12 0
96 13 0
96 14 0
96 15 0
96 16 1
96 17 0
96 18 0
96 19 0
96 20 0
96 21 0
96 22 1
96 23 0
96 24 0
96 25 0
96 26 0
96 27 1
96 28 1
96 29 0
96 30 1
96 31 0
96 32 0
96 33 0
96 34 0
96 35 1
96 36 1
96 37 0
96 38 1
96 39 1
96 40 1
96 41 1
96 42 1
96 43 1
96 44 0
96 45 0
96 46 0
96 47 1
96 48 0
96 49 0
96 50 1
96 51 1
96 52 1
96 53 0
96 54 0
96 55 0
96 56 1
96 57 1
96 58 0
96 59 1
96 60 1
96 61 0
96 62 0
96 63 0
96 64 0
96 65 0
96 66 0
96 67 0
96 68 1
96 69 0
96 70 0
96 71 1
96 72 1
96 73 0
96 74 1
96 75 0
96 76 0
96 77 1
96 78 0
96 79 0
96 80 0
96 81 1
96 82 1
96 83 0
96 84 0
96 85 0
96 86 1
96 87 1
96 88 0
96 89 0
96 90 1
96 91 0
96 92 0
96 93 1
96 94 0
96 95 0
96 96 1
96 97 0
96 98 1
96 99 0
96 100 0
97 0 0
97 1 0
97 2 0
97 3 1
97 4 0
97 5 0
97 6 0
97 7 0
97 8 1
97 9 0
97 10 0
97 11 0
97 12 1
97 13 0
97 14 1
97 15 0
97 16 1
97 17 1
97 18 0
97 19 0
97 20 1
97 21 0
97 22 0
97 23 1
97 24 1
97 25 1
97 26 1
97 27 0
97 28 0
97 29 0
97 30 0
97 31 1
97 32 0
97 33 1
97 34 1
97 35 0
97 36 0
97 37 0
97 38 1
97 39 1
97 40 1
97 41 0
97 42 0
97 43 1
97 44 0
97 45 1
97 46 0
97 47 1
97 48 0
97 49 1
97 50 1
97 51 0
97 52 0
97 53 1
97 54 0
97 55 0
97 56 0
97 57 1
97 58 1
97 59 0
97 60 0
97 61 0
97 62 1
97 63 0
97 64 0
97 65 0
97 66 1
97 67 1
97 68 1
97 69 0
97 70 0
97 71 0
97 72 0
97 73 0
97 74 0
97 75 1
97 76 0
97 77 1
97 78 1
97 79 1
97 80 1
97 81 0
97 82 1
97 83 0
97 84 0
97 85 1
97 86 0
97 87 0
97 88 1
97 89 0
97 90 0
97 91 1
97 92 0
97 93 1
97 94 0
97 95 1
97 96 1
97 97 0
97 98 0
97 99 1
97 100 0
98 0 0
98 1 1
98 2 0
98 3 0
98 4 1
98 5 0
98 6 0
98 7 0
98 8 0
98 9 0
98 10 1
98 11 0
98 12 0
98 13 0
98 14 0
98 15 1
98 16 0
98 17 0
98 18 0
98 19 1
98 20 1
98 21 1
98 22 0
98 23 1
98 24 0
98 25 0
98 26 1
98 27 1
98 28 1
98 29 0
98 30 1
98 31 0
98 32 1
98 33 0
98 34 1
98 35 0
98 36 1
98 37 1
98 38 1
98 39 1
98 40 1
98 41 1
98 42 0
98 43 1
98 44 0
98 45 1
98 46 0
98 47 0
98 48 0
98 49 0
98 50 0
98 51 0
98 52 0
98 53 0
98 54 1
98 55 0
98 56 1
98 57 0
98 58 1
98 59 1
98 60 0
98 61 1
98 62 1
98 63 0
98 64 0
98 65 1
98 66 0
98 67 0
98 68 1
98 69 0
98 70 1
98 71 1
98 72 0
98 73 0
98 74 1
98 75 1
98 76 1
98 77 0
98 78 1
98 79 1
98 80 0
98 81 1
98 82 0
98 83 1
98 84 0
98 85 0
98 86 1
98 87 0
98 88 1
98 89 1
98 90 0
98 91 0
98 92 1
98 93 1
98 94 1
98 95 0
98 96 1
98 97 1
98 98 0
98 99 0
98 100 1
99 0 0
99 1 1
99 2 0
99 3 0
99 4 1
99 5 1
99 6 0
99 7 1
99 8 0
99 9 0
99 10 1
99 11 0
99 12 1
99 13 0
99 14 0
99 15 1
99 16 1
99 17 0
99 18 0
99 19 0
99 20 1
99 21 1
99 22 0
99 23 0
99 24 0
99 25 0
99 26 0
99 27 0
99 28 1
99 29 0
99 30 0
99 31 1
99 32 1
99 33 0
99 34 0
99 35 0
99 36 0
99 37 1
99 38 0
99 39 0
99 40 1
99 41 1
99 42 0
99 43 1
99 44 0
99 45 0
99 46 0
99 47 1
99 48 1
99 49 0
99 50 0
99 51 0
99 52 0
99 53 0
99 54 1
99 55 1
99 56 0
99 57 1
99 58 0
99 59 1
99 60 0
99 61 1
99 62 0
99 63 0
99 64 0
99 65 1
99 66 1
99 67 1
99 68 1
99 69 0
99 70 0
99 71 0
99 72 1
99 73 0
99 74 0
99 75 1
99 76 1
99 77 0
99 78 0
99 79 1
99 80 0
99 81 0
99 82 0
99 83 0
99 84 0
99 85 0
99 86 0
99 87 1
99 88 0
99 89 1
99 90 0
99 91 1
99 92 0
99 93 0
99 94 0
99 95 1
99 96 0
99 97 0
99 98 1
99 99 0
99 100 1
100 0 0
100 1 0
100 2 1
100 3 1
100 4 0
100 5 0
100 6 0
100 7 1
100 8 1
100 9 0
100 10 0
100 11 0
100 12 1
100 13 0
100 14 0
100 15 1
100 16 0
100 17 0
100 18 0
100 19 1
100 20 1
100 21 0
100 22 0
100 23 0
100 24 0
100 25 0
100 26 0
100 27 0
100 28 0
100 29 1
100 30 1
100 31 0
100 32 1
100 33 0
100 34 0
100 35 0
100 36 0
100 37 0
100 38 1
100 39 1
100 40 1
100 41 1
100 42 1
100 43 1
100 44 1
100 45 0
100 46 1
100 47 0
100 48 1
100 49 0
100 50 0
100 51 0
100 52 1
100 53 1
100 54 1
100 55 0
100 56 0
100 57 0
100 58 0
100 59 1
100 60 0
100 61 0
100 62 0
100 63 0
100 64 1
100 65 1
100 66 0
100 67 0
100 68 0
100 69 0
100 70 0
100 71 0
100 72 1
100 73 0
100 74 1
100 75 0
100 76 0
100 77 0
100 78 1
100 79 0
100 80 0
100 81 0
100 82 0
100 83 0
100 84 0
100 85 1
100 86 0
100 87 0
100 88 0
100 89 1
100 90 0
100 91 1
100 92 0
100 93 1
100 94 0
100 95 0
100 96 1
100 97 0
100 98 1
100 99 0
100 100 0
