0 0 0
0 1 0
0 2 0
0 3 0
0 4 0
0 5 1
0 6 1
0 7 0
0 8 1
0 9 0
0 10 1
0 11 0
0 12 1
0 13 0
0 14 1
0 15 0
0 16 1
0 17 0
0 18 0
0 19 0
0 20 0
0 21 1
0 22 0
0 23 0
0 24 1
0 25 0
0 26 0
0 27 1
0 28 0
0 29 1
0 30 1
0 31 0
0 32 0
0 33 1
0 34 1
0 35 1
0 36 0
0 37 1
0 38 0
0 39 1
0 40 0
0 41 1
0 42 0
0 43 0
0 44 1
0 45 0
0 46 0
0 47 1
0 48 0
0 49 1
0 50 0
0 51 1
0 52 1
0 53 0
0 54 1
0 55 0
0 56 0
0 57 1
0 58 0
0 59 0
0 60 1
0 61 1
0 62 0
0 63 0
0 64 0
0 65 1
0 66 1
0 67 1
0 68 0
0 69 0
0 70 0
0 71 1
0 72 0
0 73 1
0 74 1
0 75 0
0 76 0
0 77 0
0 78 0
0 79 0
0 80 1
0 81 1
0 82 1
0 83 1
0 84 0
0 85 0
0 86 1
0 87 1
0 88 1
0 89 1
0 90 0
0 91 0
0 92 0
0 93 0
0 94 1
0 95 0
0 96 0
0 97 0
0 98 1
0 99 0
0 100 0
1 0 0
1 1 0
1 2 0
1 3 1
1 4 0
1 5 0
1 6 1
1 7 1
1 8 1
1 9 1
1 10 0
1 11 0
1 12 1
1 13 0
1 14 0
1 15 0
1 16 0
1 17 1
1 18 1
1 19 1
1 20 0
1 21 0
1 22 1
1 23 0
1 24 1
1 25 0
1 26 1
1 27 0
1 28 0
1 29 0
1 30 1
1 31 1
1 32 1
1 33 1
1 34 1
1 35 0
1 36 0
1 37 1
1 38 0
1 39 1
1 40 0
1 41 1
1 42 0
1 43 1
1 44 0
1 45 0
1 46 0
1 47 1
1 48 1
1 49 0
1 50 1
1 51 1
1 52 1
1 53 0
1 54 0
1 55 0
1 56 0
1 57 0
1 58 1
1 59 1
1 60 0
1 61 0
1 62 0
1 63 1
1 64 0
1 65 0
1 66 0
1 67 0
1 68 1
1 69 0
1 70 0
1 71 1
1 72 0
1 73 1
1 74 1
1 75 0
1 76 1
1 77 0
1 78 0
1 79 0
1 80 0
1 81 1
1 82 0
1 83 1
1 84 1
1 85 1
1 86 0
1 87 0
1 88 0
1 89 0
1 90 0
1 91 0
1 92 0
1 93 1
1 94 1
1 95 0
1 96 0
1 97 0
1 98 0
1 99 1
1 100 0
2 0 0
2 1 0
2 2 0
2 3 1
2 4 1
2 5 1
2 6 0
2 7 0
2 8 1
2 9 0
2 10 0
2 11 1
2 12 0
2 13 0
2 14 1
2 15 0
2 16 1
2 17 1
2 18 0
2 19 1
2 20 1
2 21 0
2 22 0
2 23 0
2 24 0
2 25 1
2 26 0
2 27 0
2 28 0
2 29 1
2 30 1
2 31 1
2 32 0
2 33 0
2 34 0
2 35 1
2 36 1
2 37 0
2 38 1
2 39 1
2 40 0
2 41 1
2 42 0
2 43 0
2 44 0
2 45 0
2 46 0
2 47 0
2 48 1
2 49 1
2 50 1
2 51 1
2 52 0
2 53 0
2 54 1
2 55 0
2 56 0
2 57 1
2 58 1
2 59 0
2 60 0
2 61 1
2 62 0
2 63 0
2 64 0
2 65 0
2 66 0
2 67 0
2 68 0
2 69 0
2 70 0
2 71 0
2 72 1
2 73 0
2 74 0
2 75 1
2 76 0
2 77 0
2 78 0
2 79 0
2 80 1
2 81 1
2 82 0
2 83 1
2 84 1
2 85 0
2 86 0
2 87 0
2 88 1
2 89 0
2 90 1
2 91 0
2 92 1
2 93 1
2 94 1
2 95 0
2 96 1
2 97 0
2 98 1
2 99 0
2 100 0
3 0 0
3 1 1
3 2 1
3 3 0
3 4 1
3 5 0
3 6 0
3 7 1
3 8 0
3 9 0
3 10 0
3 11 1
3 12 0
3 13 1
3 14 1
3 15 1
3 16 0
3 17 0
3 18 0
3 19 0
3 20 0
3 21 0
3 22 0
3 23 0
3 24 0
3 25 1
3 26 1
3 27 0
3 28 0
3 29 1
3 30 0
3 31 0
3 32 0
3 33 0
3 34 1
3 35 0
3 36 1
3 37 1
3 38 1
3 39 0
3 40 0
3 41 1
3 42 0
3 43 0
3 44 1
3 45 0
3 46 0
3 47 0
3 48 1
3 49 0
3 50 0
3 51 0
3 52 0
3 53 0
3 54 0
3 55 1
3 56 0
3 57 0
3 58 1
3 59 1
3 60 1
3 61 0
3 62 1
3 63 0
3 64 0
3 65 0
3 66 0
3 67 1
3 68 0
3 69 0
3 70 1
3 71 0
3 72 0
3 73 0
3 74 0
3 75 0
3 76 0
3 77 0
3 78 0
3 79 0
3 80 1
3 81 1
3 82 0
3 83 0
3 84 0
3 85 0
3 86 0
3 87 1
3 88 0
3 89 0
3 90 0
3 91 0
3 92 0
3 93 0
3 94 0
3 95 0
3 96 0
3 97 0
3 98 1
3 99 1
3 100 0
4 0 1
4 1 0
4 2 0
4 3 0
4 4 0
4 5 0
4 6 0
4 7 0
4 8 0
4 9 0
4 10 0
4 11 0
4 12 0
4 13 1
4 14 0
4 15 1
4 16 0
4 17 0
4 18 0
4 19 0
4 20 0
4 21 1
4 22 1
4 23 0
4 24 1
4 25 0
4 26 1
4 27 1
4 28 0
4 29 0
4 30 0
4 31 0
4 32 1
4 33 0
4 34 0
4 35 1
4 36 1
4 37 0
4 38 0
4 39 1
4 40 1
4 41 1
4 42 1
4 43 0
4 44 0
4 45 0
4 46 1
4 47 0
4 48 0
4 49 0
4 50 0
4 51 0
4 52 0
4 53 0
4 54 0
4 55 0
4 56 1
4 57 1
4 58 0
4 59 0
4 60 0
4 61 0
4 62 0
4 63 0
4 64 0
4 65 0
4 66 0
4 67 0
4 68 1
4 69 0
4 70 0
4 71 0
4 72 0
4 73 1
4 74 1
4 75 0
4 76 0
4 77 0
4 78 0
4 79 0
4 80 1
4 81 0
4 82 1
4 83 1
4 84 0
4 85 0
4 86 0
4 87 0
4 88 0
4 89 1
4 90 0
4 91 0
4 92 0
4 93 0
4 94 1
4 95 0
4 96 1
4 97 0
4 98 0
4 99 0
4 100 1
5 0 1
5 1 0
5 2 0
5 3 0
5 4 0
5 5 0
5 6 1
5 7 0
5 8 0
5 9 0
5 10 0
5 11 1
5 12 1
5 13 0
5 14 0
5 15 1
5 16 1
5 17 0
5 18 0
5 19 0
5 20 1
5 21 0
5 22 1
5 23 0
5 24 0
5 25 0
5 26 0
5 27 1
5 28 0
5 29 0
5 30 1
5 31 0
5 32 1
5 33 0
5 34 0
5 35 0
5 36 1
5 37 0
5 38 1
5 39 0
5 40 0
5 41 1
5 42 0
5 43 1
5 44 1
5 45 0
5 46 1
5 47 0
5 48 1
5 49 1
5 50 1
5 51 0
5 52 1
5 53 0
5 54 0
5 55 1
5 56 1
5 57 0
5 58 0
5 59 1
5 60 0
5 61 0
5 62 0
5 63 1
5 64 0
5 65 0
5 66 1
5 67 0
5 68 0
5 69 0
5 70 1
5 71 1
5 72 0
5 73 0
5 74 0
5 75 1
5 76 1
5 77 1
5 78 0
5 79 0
5 80 1
5 81 0
5 82 0
5 83 1
5 84 0
5 85 0
5 86 1
5 87 0
5 88 1
5 89 0
5 90 0
5 91 1
5 92 0
5 93 1
5 94 0
5 95 0
5 96 0
5 97 1
5 98 1
5 99 1
5 100 0
6 0 0
6 1 1
6 2 0
6 3 1
6 4 0
6 5 1
6 6 1
6 7 0
6 8 0
6 9 1
6 10 1
6 11 0
6 12 0
6 13 0
6 14 0
6 15 0
6 16 0
6 17 0
6 18 1
6 19 0
6 20 1
6 21 1
6 22 0
6 23 1
6 24 0
6 25 1
6 26 0
6 27 1
6 28 0
6 29 0
6 30 0
6 31 1
6 32 1
6 33 1
6 34 1
6 35 0
6 36 0
6 37 0
6 38 0
6 39 1
6 40 0
6 41 0
6 42 1
6 43 0
6 44 1
6 45 1
6 46 0
6 47 0
6 48 0
6 49 1
6 50 1
6 51 1
6 52 0
6 53 1
6 54 0
6 55 0
6 56 0
6 57 0
6 58 1
6 59 0
6 60 1
6 61 0
6 62 0
6 63 0
6 64 1
6 65 0
6 66 1
6 67 0
6 68 0
6 69 0
6 70 0
6 71 1
6 72 1
6 73 1
6 74 1
6 75 1
6 76 0
6 77 0
6 78 1
6 79 1
6 80 1
6 81 0
6 82 1
6 83 0
6 84 1
6 85 0
6 86 1
6 87 1
6 88 0
6 89 1
6 90 1
6 91 1
6 92 1
6 93 0
6 94 0
6 95 0
6 96 0
6 97 1
6 98 0
6 99 1
6 100 0
7 0 1
7 1 1
7 2 1
7 3 0
7 4 0
7 5 1
7 6 0
7 7 1
7 8 0
7 9 1
7 10 1
7 11 1
7 12 0
7 13 0
7 14 0
7 15 0
7 16 0
7 17 0
7 18 1
7 19 0
7 20 0
7 21 0
7 22 1
7 23 0
7 24 0
7 25 1
7 26 0
7 27 0
7 28 0
7 29 0
7 30 0
7 31 1
7 32 1
7 33 1
7 34 1
7 35 0
7 36 0
7 37 0
7 38 1
7 39 0
7 40 1
7 41 0
7 42 1
7 43 0
7 44 0
7 45 0
7 46 0
7 47 1
7 48 0
7 49 0
7 50 1
7 51 1
7 52 0
7 53 0
7 54 1
7 55 1
7 56 1
7 57 0
7 58 1
7 59 0
7 60 0
7 61 0
7 62 1
7 63 0
7 64 0
7 65 0
7 66 0
7 67 0
7 68 0
7 69 0
7 70 1
7 71 1
7 72 1
7 73 1
7 74 0
7 75 0
7 76 0
7 77 0
7 78 1
7 79 1
7 80 0
7 81 1
7 82 0
7 83 1
7 84 1
7 85 1
7 86 1
7 87 1
7 88 0
7 89 0
7 90 1
7 91 0
7 92 0
7 93 0
7 94 1
7 95 1
7 96 0
7 97 1
7 98 1
7 99 0
7 100 0
8 0 0
8 1 1
8 2 0
8 3 0
8 4 0
8 5 1
8 6 0
8 7 0
8 8 1
8 9 0
8 10 0
8 11 0
8 12 1
8 13 0
8 14 0
8 15 0
8 16 1
8 17 0
8 18 0
8 19 1
8 20 0
8 21 0
8 22 1
8 23 0
8 24 1
8 25 0
8 26 0
8 27 1
8 28 1
8 29 1
8 30 1
8 31 0
8 32 0
8 33 1
8 34 1
8 35 1
8 36 1
8 37 1
8 38 1
8 39 0
8 40 0
8 41 1
8 42 0
8 43 0
8 44 0
8 45 0
8 46 0
8 47 1
8 48 0
8 49 1
8 50 0
8 51 0
8 52 0
8 53 0
8 54 1
8 55 0
8 56 1
8 57 0
8 58 0
8 59 0
8 60 1
8 61 1
8 62 0
8 63 0
8 64 1
8 65 0
8 66 0
8 67 0
8 68 1
8 69 0
8 70 0
8 71 1
8 72 1
8 73 0
8 74 1
8 75 1
8 76 0
8 77 0
8 78 0
8 79 1
8 80 0
8 81 1
8 82 1
8 83 0
8 84 0
8 85 1
8 86 1
8 87 1
8 88 1
8 89 0
8 90 1
8 91 1
8 92 1
8 93 0
8 94 0
8 95 0
8 96 0
8 97 1
8 98 1
8 99 0
8 100 0
9 0 0
9 1 0
9 2 0
9 3 1
9 4 1
9 5 0
9 6 0
9 7 0
9 8 0
9 9 0
9 10 0
9 11 1
9 12 0
9 13 0
9 14 1
9 15 0
9 16 0
9 17 0
9 18 0
9 19 1
9 20 0
9 21 0
9 22 1
9 23 0
9 24 1
9 25 1
9 26 0
9 27 0
9 28 0
9 29 1
9 30 0
9 31 0
9 32 1
9 33 1
9 34 0
9 35 0
9 36 1
9 37 0
9 38 0
9 39 0
9 40 0
9 41 0
9 42 1
9 43 0
9 44 0
9 45 1
9 46 1
9 47 1
9 48 0
9 49 0
9 50 1
9 51 0
9 52 1
9 53 1
9 54 1
9 55 1
9 56 0
9 57 0
9 58 0
9 59 0
9 60 0
9 61 1
9 62 0
9 63 0
9 64 0
9 65 0
9 66 0
9 67 0
9 68 1
9 69 0
9 70 0
9 71 0
9 72 0
9 73 0
9 74 0
9 75 1
9 76 1
9 77 0
9 78 1
9 79 1
9 80 1
9 81 1
9 82 0
9 83 0
9 84 0
9 85 0
9 86 0
9 87 0
9 88 1
9 89 0
9 90 0
9 91 1
9 92 0
9 93 0
9 94 0
9 95 0
9 96 1
9 97 0
9 98 0
9 99 1
9 100 1
10 0 1
10 1 1
10 2 0
10 3 0
10 4 0
10 5 0
10 6 1
10 7 1
10 8 1
10 9 0
10 10 0
10 11 0
10 12 1
10 13 1
10 14 1
10 15 0
10 16 0
10 17 0
10 18 1
10 19 0
10 20 0
10 21 1
10 22 0
10 23 1
10 24 0
10 25 0
10 26 0
10 27 1
10 28 0
10 29 0
10 30 0
10 31 0
10 32 0
10 33 0
10 34 1
10 35 0
10 36 0
10 37 0
10 38 0
10 39 0
10 40 1
10 41 1
10 42 1
10 43 0
10 44 0
10 45 1
10 46 0
10 47 0
10 48 1
10 49 0
10 50 1
10 51 0
10 52 0
10 53 1
10 54 0
10 55 0
10 56 1
10 57 0
10 58 1
10 59 1
10 60 1
10 61 0
10 62 0
10 63 0
10 64 1
10 65 0
10 66 0
10 67 1
10 68 0
10 69 1
10 70 0
10 71 1
10 72 1
10 73 0
10 74 1
10 75 1
10 76 0
10 77 0
10 78 1
10 79 0
10 80 0
10 81 1
10 82 0
10 83 0
10 84 0
10 85 0
10 86 0
10 87 1
10 88 0
10 89 1
10 90 1
10 91 0
10 92 0
10 93 0
10 94 0
10 95 0
10 96 0
10 97 0
10 98 0
10 99 1
10 100 1
11 0 0
11 1 0
11 2 1
11 3 0
11 4 0
11 5 0
11 6 0
11 7 1
11 8 1
11 9 0
11 10 0
11 11 0
11 12 0
11 13 0
11 14 1
11 15 1
11 16 0
11 17 0
11 18 0
11 19 0
11 20 0
11 21 1
11 22 0
11 23 0
11 24 0
11 25 0
11 26 1
11 27 1
11 28 0
11 29 0
11 30 0
11 31 0
11 32 1
11 33 0
11 34 1
11 35 0
11 36 0
11 37 0
11 38 1
11 39 0
11 40 1
11 41 0
11 42 1
11 43 1
11 44 1
11 45 0
11 46 1
11 47 0
11 48 1
11 49 1
11 50 1
11 51 1
11 52 0
11 53 0
11 54 1
11 55 1
11 56 0
11 57 1
11 58 1
11 59 1
11 60 0
11 61 1
11 62 0
11 63 0
11 64 0
11 65 1
11 66 0
11 67 1
11 68 0
11 69 1
11 70 1
11 71 0
11 72 0
11 73 1
11 74 0
11 75 0
11 76 1
11 77 1
11 78 0
11 79 1
11 80 0
11 81 0
11 82 1
11 83 0
11 84 0
11 85 0
11 86 1
11 87 1
11 88 0
11 89 0
11 90 1
11 91 1
11 92 0
11 93 0
11 94 0
11 95 0
11 96 0
11 97 1
11 98 0
11 99 1
11 100 1
12 0 0
12 1 1
12 2 0
12 3 0
12 4 1
12 5 1
12 6 0
12 7 0
12 8 1
12 9 0
12 10 0
12 11 0
12 12 0
12 13 0
12 14 0
12 15 0
12 16 1
12 17 1
12 18 0
12 19 1
12 20 0
12 21 1
12 22 0
12 23 1
12 24 0
12 25 0
12 26 1
12 27 0
12 28 0
12 29 0
12 30 1
12 31 0
12 32 1
12 33 1
12 34 1
12 35 1
12 36 0
12 37 1
12 38 0
12 39 0
12 40 0
12 41 0
12 42 1
12 43 0
12 44 0
12 45 1
12 46 0
12 47 0
12 48 1
12 49 0
12 50 0
12 51 0
12 52 1
12 53 1
12 54 1
12 55 1
12 56 0
12 57 1
12 58 0
12 59 1
12 60 0
12 61 0
12 62 1
12 63 1
12 64 0
12 65 1
12 66 0
12 67 0
12 68 0
12 69 0
12 70 0
12 71 1
12 72 0
12 73 1
12 74 1
12 75 1
12 76 1
12 77 1
12 78 1
12 79 0
12 80 1
12 81 1
12 82 0
12 83 1
12 84 0
12 85 1
12 86 1
12 87 1
12 88 1
12 89 0
12 90 1
12 91 1
12 92 0
12 93 1
12 94 1
12 95 1
12 96 1
12 97 0
12 98 1
12 99 0
12 100 0
13 0 1
13 1 0
13 2 0
13 3 0
13 4 0
13 5 0
13 6 1
13 7 0
13 8 0
13 9 0
13 10 0
13 11 0
13 12 0
13 13 0
13 14 0
13 15 0
13 16 1
13 17 1
13 18 0
13 19 0
13 20 1
13 21 1
13 22 0
13 23 0
13 24 0
13 25 0
13 26 0
13 27 0
13 28 1
13 29 0
13 30 1
13 31 0
13 32 1
13 33 0
13 34 0
13 35 0
13 36 0
13 37 0
13 38 0
13 39 1
13 40 0
13 41 0
13 42 1
13 43 1
13 44 0
13 45 1
13 46 0
13 47 0
13 48 0
13 49 1
13 50 1
13 51 0
13 52 0
13 53 0
13 54 1
13 55 0
13 56 1
13 57 0
13 58 0
13 59 0
13 60 0
13 61 0
13 62 0
13 63 0
13 64 0
13 65 0
13 66 0
13 67 1
13 68 0
13 69 0
13 70 0
13 71 0
13 72 1
13 73 0
13 74 0
13 75 0
13 76 0
13 77 1
13 78 0
13 79 0
13 80 0
13 81 0
13 82 1
13 83 0
13 84 1
13 85 0
13 86 0
13 87 1
13 88 0
13 89 0
13 90 0
13 91 1
13 92 0
13 93 0
13 94 1
13 95 0
13 96 1
13 97 1
13 98 1
13 99 0
13 100 1
14 0 0
14 1 1
14 2 1
14 3 1
14 4 1
14 5 0
14 6 1
14 7 0
14 8 0
14 9 0
14 10 1
14 11 0
14 12 0
14 13 1
14 14 0
14 15 1
14 16 0
14 17 0
14 18 0
14 19 0
14 20 1
14 21 0
14 22 0
14 23 0
14 24 0
14 25 1
14 26 1
14 27 0
14 28 0
14 29 0
14 30 1
14 31 1
14 32 1
14 33 0
14 34 0
14 35 1
14 36 0
14 37 1
14 38 0
14 39 0
14 40 0
14 41 0
14 42 0
14 43 1
14 44 0
14 45 1
14 46 0
14 47 1
14 48 1
14 49 1
14 50 1
14 51 1
14 52 0
14 53 1
14 54 0
14 55 0
14 56 0
14 57 0
14 58 1
14 59 0
14 60 0
14 61 0
14 62 1
14 63 0
14 64 0
14 65 0
14 66 0
14 67 1
14 68 0
14 69 0
14 70 1
14 71 0
14 72 1
14 73 0
14 74 0
14 75 0
14 76 1
14 77 0
14 78 0
14 79 0
14 80 1
14 81 1
14 82 0
14 83 1
14 84 1
14 85 0
14 86 1
14 87 0
14 88 0
14 89 0
14 90 0
14 91 0
14 92 1
14 93 0
14 94 1
14 95 0
14 96 1
14 97 0
14 98 0
14 99 1
14 100 0
15 0 0
15 1 1
15 2 1
15 3 1
15 4 0
15 5 0
15 6 1
15 7 0
15 8 1
15 9 0
15 10 1
15 11 0
15 12 0
15 13 1
15 14 0
15 15 0
15 16 0
15 17 1
15 18 0
15 19 1
15 20 0
15 21 1
15 22 1
15 23 1
15 24 0
15 25 0
15 26 0
15 27 0
15 28 1
15 29 0
15 30 0
15 31 0
15 32 1
15 33 1
15 34 0
15 35 1
15 36 0
15 37 1
15 38 0
15 39 1
15 40 1
15 41 0
15 42 1
15 43 0
15 44 0
15 45 0
15 46 1
15 47 0
15 48 0
15 49 1
15 50 1
15 51 1
15 52 1
15 53 0
15 54 0
15 55 0
15 56 1
15 57 1
15 58 0
15 59 0
15 60 1
15 61 1
15 62 0
15 63 0
15 64 1
15 65 0
15 66 0
15 67 0
15 68 1
15 69 0
15 70 1
15 71 0
15 72 1
15 73 1
15 74 0
15 75 1
15 76 1
15 77 0
15 78 0
15 79 0
15 80 0
15 81 0
15 82 0
15 83 0
15 84 0
15 85 0
15 86 0
15 87 0
15 88 1
15 89 1
15 90 1
15 91 0
15 92 1
15 93 1
15 94 0
15 95 0
15 96 0
15 97 0
15 98 0
15 99 0
15 100 0
16 0 0
16 1 1
16 2 0
16 3 0
16 4 1
16 5 1
16 6 1
16 7 0
16 8 0
16 9 0
16 10 1
16 11 1
16 12 1
16 13 1
16 14 1
16 15 1
16 16 1
16 17 1
16 18 0
16 19 0
16 20 0
16 21 0
16 22 0
16 23 0
16 24 0
16 25 0
16 26 0
16 27 1
16 28 1
16 29 0
16 30 0
16 31 1
16 32 1
16 33 0
16 34 0
16 35 0
16 36 1
16 37 0
16 38 0
16 39 0
16 40 0
16 41 0
16 42 0
16 43 0
16 44 1
16 45 1
16 46 0
16 47 0
16 48 1
16 49 1
16 50 1
16 51 0
16 52 1
16 53 0
16 54 0
16 55 0
16 56 0
16 57 1
16 58 0
16 59 0
16 60 1
16 61 1
16 62 1
16 63 0
16 64 1
16 65 1
16 66 1
16 67 0
16 68 0
16 69 0
16 70 0
16 71 0
16 72 0
16 73 0
16 74 1
16 75 1
16 76 0
16 77 1
16 78 1
16 79 1
16 80 0
16 81 0
16 82 1
16 83 1
16 84 1
16 85 0
16 86 1
16 87 0
16 88 0
16 89 0
16 90 0
16 91 0
16 92 1
16 93 0
16 94 0
16 95 1
16 96 1
16 97 0
16 98 1
16 99 1
16 100 1
17 0 0
17 1 0
17 2 0
17 3 0
17 4 1
17 5 0
17 6 1
17 7 1
17 8 0
17 9 1
17 10 0
17 11 0
17 12 0
17 13 1
17 14 0
17 15 0
17 16 0
17 17 0
17 18 0
17 19 0
17 20 1
17 21 1
17 22 0
17 23 0
17 24 0
17 25 1
17 26 0
17 27 1
17 28 0
17 29 1
17 30 0
17 31 1
17 32 0
17 33 0
17 34 0
17 35 0
17 36 1
17 37 0
17 38 1
17 39 0
17 40 1
17 41 0
17 42 1
17 43 1
17 44 0
17 45 0
17 46 0
17 47 1
17 48 0
17 49 0
17 50 0
17 51 0
17 52 1
17 53 0
17 54 0
17 55 0
17 56 1
17 57 0
17 58 1
17 59 1
17 60 0
17 61 1
17 62 0
17 63 0
17 64 1
17 65 1
17 66 0
17 67 0
17 68 1
17 69 1
17 70 1
17 71 0
17 72 1
17 73 1
17 74 0
17 75 1
17 76 0
17 77 0
17 78 0
17 79 1
17 80 1
17 81 0
17 82 0
17 83 0
17 84 0
17 85 0
17 86 1
17 87 0
17 88 0
17 89 0
17 90 0
17 91 0
17 92 0
17 93 0
17 94 0
17 95 0
17 96 0
17 97 1
17 98 0
17 99 0
17 100 1
18 0 0
18 1 0
18 2 0
18 3 1
18 4 0
18 5 0
18 6 1
18 7 1
18 8 0
18 9 0
18 10 0
18 11 0
18 12 0
18 13 0
18 14 0
18 15 0
18 16 0
18 17 0
18 18 1
18 19 0
18 20 0
18 21 1
18 22 0
18 23 0
18 24 0
18 25 0
18 26 0
18 27 0
18 28 0
18 29 1
18 30 1
18 31 0
18 32 0
18 33 0
18 34 0
18 35 0
18 36 0
18 37 0
18 38 0
18 39 0
18 40 1
18 41 1
18 42 0
18 43 0
18 44 0
18 45 0
18 46 0
18 47 0
18 48 0
18 49 1
18 50 1
18 51 0
18 52 1
18 53 0
18 54 0
18 55 0
18 56 0
18 57 0
18 58 0
18 59 0
18 60 1
18 61 1
18 62 1
18 63 0
18 64 0
18 65 0
18 66 0
18 67 0
18 68 0
18 69 1
18 70 1
18 71 0
18 72 1
18 73 1
18 74 0
18 75 0
18 76 0
18 77 0
18 78 0
18 79 0
18 80 0
18 81 0
18 82 0
18 83 0
18 84 1
18 85 0
18 86 0
18 87 0
18 88 0
18 89 0
18 90 0
18 91 1
18 92 0
18 93 0
18 94 0
18 95 1
18 96 0
18 97 1
18 98 0
18 99 0
18 100 1
19 0 1
19 1 0
19 2 0
19 3 1
19 4 1
19 5 1
19 6 0
19 7 0
19 8 1
19 9 0
19 10 0
19 11 0
19 12 0
19 13 1
19 14 0
19 15 0
19 16 1
19 17 0
19 18 0
19 19 1
19 20 0
19 21 0
19 22 1
19 23 1
19 24 0
19 25 0
19 26 0
19 27 1
19 28 1
19 29 0
19 30 1
19 31 0
19 32 0
19 33 0
19 34 1
19 35 0
19 36 1
19 37 0
19 38 1
19 39 0
19 40 0
19 41 0
19 42 0
19 43 1
19 44 0
19 45 1
19 46 0
19 47 0
19 48 0
19 49 1
19 50 0
19 51 1
19 52 1
19 53 1
19 54 0
19 55 0
19 56 0
19 57 0
19 58 0
19 59 0
19 60 1
19 61 0
19 62 0
19 63 1
19 64 1
19 65 0
19 66 1
19 67 1
19 68 0
19 69 0
19 70 1
19 71 1
19 72 1
19 73 1
19 74 0
19 75 0
19 76 0
19 77 0
19 78 1
19 79 0
19 80 1
19 81 0
19 82 1
19 83 0
19 84 1
19 85 0
19 86 1
19 87 1
19 88 0
19 89 0
19 90 0
19 91 0
19 92 0
19 93 1
19 94 1
19 95 1
19 96 0
19 97 0
19 98 0
19 99 1
19 100 0
20 0 0
20 1 0
20 2 0
20 3 1
20 4 1
20 5 0
20 6 0
20 7 0
20 8 0
20 9 0
20 10 0
20 11 0
20 12 0
20 13 0
20 14 1
20 15 1
20 16 0
20 17 1
20 18 1
20 19 1
20 20 0
20 21 0
20 22 0
20 23 0
20 24 1
20 25 1
20 26 1
20 27 0
20 28 0
20 29 0
20 30 0
20 31 0
20 32 0
20 33 0
20 34 1
20 35 1
20 36 1
20 37 0
20 38 0
20 39 0
20 40 0
20 41 0
20 42 1
20 43 1
20 44 1
20 45 0
20 46 0
20 47 1
20 48 0
20 49 0
20 50 1
20 51 0
20 52 0
20 53 1
20 54 0
20 55 0
20 56 0
20 57 0
20 58 1
20 59 0
20 60 0
20 61 0
20 62 0
20 63 0
20 64 0
20 65 0
20 66 0
20 67 1
20 68 0
20 69 0
20 70 0
20 71 0
20 72 0
20 73 0
20 74 1
20 75 0
20 76 0
20 77 1
20 78 1
20 79 0
20 80 1
20 81 0
20 82 1
20 83 0
20 84 1
20 85 0
20 86 1
20 87 0
20 88 0
20 89 0
20 90 0
20 91 1
20 92 0
20 93 0
20 94 0
20 95 0
20 96 1
20 97 1
20 98 1
20 99 0
20 100 0
21 0 0
21 1 1
21 2 0
21 3 0
21 4 0
21 5 1
21 6 1
21 7 0
21 8 0
21 9 1
21 10 0
21 11 0
21 12 0
21 13 1
21 14 0
21 15 0
21 16 0
21 17 1
21 18 0
21 19 0
21 20 0
21 21 0
21 22 0
21 23 0
21 24 0
21 25 0
21 26 0
21 27 1
21 28 0
21 29 0
21 30 0
21 31 0
21 32 1
21 33 0
21 34 1
21 35 1
21 36 0
21 37 0
21 38 1
21 39 0
21 40 0
21 41 0
21 42 1
21 43 0
21 44 1
21 45 1
21 46 0
21 47 1
21 48 0
21 49 0
21 50 0
21 51 0
21 52 0
21 53 0
21 54 0
21 55 0
21 56 1
21 57 1
21 58 0
21 59 1
21 60 0
21 61 1
21 62 1
21 63 0
21 64 0
21 65 0
21 66 0
21 67 1
21 68 1
21 69 0
21 70 0
21 71 1
21 72 0
21 73 0
21 74 0
21 75 0
21 76 1
21 77 0
21 78 1
21 79 1
21 80 1
21 81 0
21 82 0
21 83 0
21 84 0
21 85 0
21 86 0
21 87 0
21 88 0
21 89 1
21 90 0
21 91 0
21 92 0
21 93 0
21 94 0
21 95 0
21 96 1
21 97 0
21 98 0
21 99 0
21 100 1
22 0 1
22 1 1
22 2 0
22 3 0
22 4 1
22 5 0
22 6 0
22 7 0
22 8 0
22 9 1
22 10 1
22 11 0
22 12 0
22 13 1
22 14 1
22 15 0
22 16 0
22 17 1
22 18 0
22 19 0
22 20 0
22 21 1
22 22 0
22 23 0
22 24 0
22 25 1
22 26 0
22 27 0
22 28 0
22 29 1
22 30 0
22 31 0
22 32 1
22 33 1
22 34 0
22 35 0
22 36 0
22 37 0
22 38 1
22 39 0
22 40 1
22 41 0
22 42 0
22 43 1
22 44 0
22 45 0
22 46 1
22 47 0
22 48 0
22 49 0
22 50 0
22 51 0
22 52 1
22 53 0
22 54 1
22 55 0
22 56 0
22 57 0
22 58 0
22 59 1
22 60 1
22 61 0
22 62 0
22 63 0
22 64 1
22 65 1
22 66 0
22 67 1
22 68 0
22 69 0
22 70 1
22 71 0
22 72 0
22 73 1
22 74 0
22 75 1
22 76 0
22 77 0
22 78 0
22 79 0
22 80 0
22 81 0
22 82 0
22 83 0
22 84 0
22 85 0
22 86 0
22 87 1
22 88 0
22 89 1
22 90 1
22 91 0
22 92 0
22 93 1
22 94 0
22 95 0
22 96 0
22 97 0
22 98 1
22 99 0
22 100 1
23 0 1
23 1 0
23 2 0
23 3 1
23 4 0
23 5 0
23 6 0
23 7 0
23 8 1
23 9 1
23 10 0
23 11 0
23 12 1
23 13 0
23 14 1
23 15 0
23 16 0
23 17 1
23 18 0
23 19 1
23 20 0
23 21 0
23 22 0
23 23 0
23 24 1
23 25 0
23 26 0
23 27 1
23 28 1
23 29 0
23 30 1
23 31 1
23 32 1
23 33 1
23 34 0
23 35 1
23 36 0
23 37 1
23 38 0
23 39 1
23 40 0
23 41 1
23 42 0
23 43 1
23 44 0
23 45 0
23 46 0
23 47 0
23 48 0
23 49 1
23 50 1
23 51 1
23 52 0
23 53 1
23 54 1
23 55 0
23 56 0
23 57 0
23 58 0
23 59 0
23 60 1
23 61 0
23 62 0
23 63 1
23 64 0
23 65 0
23 66 0
23 67 0
23 68 0
23 69 1
23 70 1
23 71 1
23 72 1
23 73 0
23 74 0
23 75 0
23 76 0
23 77 1
23 78 0
23 79 1
23 80 0
23 81 0
23 82 0
23 83 0
23 84 0
23 85 1
23 86 0
23 87 0
23 88 1
23 89 0
23 90 0
23 91 1
23 92 0
23 93 0
23 94 0
23 95 0
23 96 1
23 97 1
23 98 1
23 99 0
23 100 0
24 0 1
24 1 0
24 2 1
24 3 0
24 4 1
24 5 1
24 6 1
24 7 0
24 8 0
24 9 0
24 10 1
24 11 0
24 12 0
24 13 1
24 14 1
24 15 1
24 16 1
24 17 1
24 18 0
24 19 1
24 20 0
24 21 0
24 22 1
24 23 0
24 24 0
24 25 0
24 26 0
24 27 0
24 28 1
24 29 0
24 30 1
24 31 0
24 32 1
24 33 1
24 34 0
24 35 0
24 36 0
24 37 0
24 38 1
24 39 1
24 40 1
24 41 0
24 42 0
24 43 0
24 44 0
24 45 0
24 46 0
24 47 0
24 48 1
24 49 0
24 50 1
24 51 1
24 52 0
24 53 1
24 54 1
24 55 1
24 56 0
24 57 0
24 58 1
24 59 1
24 60 0
24 61 1
24 62 0
24 63 1
24 64 1
24 65 0
24 66 1
24 67 0
24 68 1
24 69 0
24 70 0
24 71 0
24 72 0
24 73 0
24 74 0
24 75 1
24 76 0
24 77 0
24 78 0
24 79 0
24 80 0
24 81 0
24 82 1
24 83 1
24 84 0
24 85 0
24 86 0
24 87 0
24 88 0
24 89 0
24 90 0
24 91 0
24 92 0
24 93 0
24 94 1
24 95 0
24 96 0
24 97 1
24 98 0
24 99 0
24 100 0
25 0 1
25 1 0
25 2 0
25 3 0
25 4 1
25 5 0
25 6 0
25 7 0
25 8 0
25 9 1
25 10 1
25 11 0
25 12 1
25 13 0
25 14 0
25 15 1
25 16 0
25 17 1
25 18 1
25 19 0
25 20 1
25 21 0
25 22 0
25 23 0
25 24 0
25 25 0
25 26 1
25 27 0
25 28 0
25 29 0
25 30 1
25 31 1
25 32 0
25 33 1
25 34 0
25 35 1
25 36 0
25 37 1
25 38 1
25 39 0
25 40 0
25 41 1
25 42 1
25 43 1
25 44 0
25 45 0
25 46 0
25 47 0
25 48 1
25 49 0
25 50 0
25 51 0
25 52 0
25 53 1
25 54 0
25 55 0
25 56 1
25 57 1
25 58 0
25 59 1
25 60 0
25 61 1
25 62 1
25 63 0
25 64 0
25 65 0
25 66 1
25 67 0
25 68 0
25 69 1
25 70 1
25 71 0
25 72 0
25 73 1
25 74 0
25 75 0
25 76 1
25 77 0
25 78 1
25 79 0
25 80 1
25 81 1
25 82 0
25 83 1
25 84 0
25 85 0
25 86 1
25 87 1
25 88 1
25 89 0
25 90 0
25 91 1
25 92 1
25 93 1
25 94 0
25 95 0
25 96 1
25 97 0
25 98 1
25 99 1
25 100 1
26 0 0
26 1 0
26 2 1
26 3 0
26 4 0
26 5 0
26 6 0
26 7 0
26 8 0
26 9 0
26 10 0
26 11 1
26 12 0
26 13 1
26 14 0
26 15 1
26 16 0
26 17 0
26 18 0
26 19 0
26 20 0
26 21 0
26 22 0
26 23 0
26 24 0
26 25 0
26 26 0
26 27 0
26 28 1
26 29 1
26 30 1
26 31 1
26 32 0
26 33 0
26 34 0
26 35 1
26 36 1
26 37 0
26 38 0
26 39 1
26 40 0
26 41 1
26 42 0
26 43 1
26 44 1
26 45 0
26 46 1
26 47 0
26 48 1
26 49 1
26 50 0
26 51 0
26 52 1
26 53 1
26 54 0
26 55 0
26 56 0
26 57 1
26 58 1
26 59 0
26 60 0
26 61 1
26 62 0
26 63 1
26 64 0
26 65 1
26 66 0
26 67 0
26 68 0
26 69 0
26 70 0
26 71 0
26 72 0
26 73 1
26 74 0
26 75 0
26 76 0
26 77 0
26 78 1
26 79 1
26 80 0
26 81 1
26 82 1
26 83 0
26 84 1
26 85 0
26 86 0
26 87 1
26 88 1
26 89 0
26 90 1
26 91 0
26 92 0
26 93 0
26 94 0
26 95 0
26 96 0
26 97 0
26 98 0
26 99 0
26 100 0
27 0 1
27 1 1
27 2 1
27 3 0
27 4 0
27 5 0
27 6 0
27 7 0
27 8 1
27 9 1
27 10 0
27 11 1
27 12 0
27 13 0
27 14 0
27 15 0
27 16 0
27 17 0
27 18 0
27 19 1
27 20 1
27 21 1
27 22 0
27 23 0
27 24 0
27 25 0
27 26 0
27 27 0
27 28 0
27 29 1
27 30 1
27 31 0
27 32 0
27 33 1
27 34 1
27 35 1
27 36 1
27 37 0
27 38 0
27 39 1
27 40 1
27 41 0
27 42 0
27 43 0
27 44 1
27 45 0
27 46 0
27 47 0
27 48 0
27 49 0
27 50 0
27 51 0
27 52 1
27 53 0
27 54 1
27 55 1
27 56 0
27 57 0
27 58 0
27 59 1
27 60 0
27 61 1
27 62 0
27 63 0
27 64 0
27 65 1
27 66 1
27 67 0
27 68 1
27 69 0
27 70 0
27 71 1
27 72 1
27 73 0
27 74 0
27 75 1
27 76 1
27 77 1
27 78 0
27 79 0
27 80 0
27 81 1
27 82 0
27 83 0
27 84 1
27 85 0
27 86 0
27 87 1
27 88 1
27 89 1
27 90 1
27 91 0
27 92 0
27 93 0
27 94 0
27 95 0
27 96 1
27 97 0
27 98 0
27 99 1
27 100 1
28 0 1
28 1 0
28 2 0
28 3 0
28 4 0
28 5 1
28 6 1
28 7 0
28 8 1
28 9 1
28 10 0
28 11 1
28 12 0
28 13 1
28 14 1
28 15 1
28 16 0
28 17 0
28 18 0
28 19 1
28 20 1
28 21 0
28 22 1
28 23 0
28 24 0
28 25 0
28 26 0
28 27 0
28 28 0
28 29 0
28 30 0
28 31 1
28 32 0
28 33 0
28 34 1
28 35 1
28 36 1
28 37 0
28 38 0
28 39 0
28 40 1
28 41 0
28 42 1
28 43 1
28 44 0
28 45 0
28 46 0
28 47 0
28 48 0
28 49 0
28 50 0
28 51 0
28 52 0
28 53 1
28 54 1
28 55 1
28 56 0
28 57 1
28 58 1
28 59 0
28 60 1
28 61 0
28 62 1
28 63 0
28 64 1
28 65 0
28 66 1
28 67 1
28 68 0
28 69 1
28 70 1
28 71 0
28 72 1
28 73 1
28 74 1
28 75 1
28 76 0
28 77 1
28 78 1
28 79 1
28 80 0
28 81 1
28 82 0
28 83 0
28 84 0
28 85 0
28 86 1
28 87 0
28 88 0
28 89 0
28 90 0
28 91 0
28 92 1
28 93 1
28 94 1
28 95 0
28 96 1
28 97 1
28 98 1
28 99 0
28 100 0
29 0 0
29 1 1
29 2 0
29 3 0
29 4 0
29 5 1
29 6 1
29 7 1
29 8 1
29 9 0
29 10 1
29 11 1
29 12 0
29 13 0
29 14 1
29 15 0
29 16 0
29 17 1
29 18 1
29 19 0
29 20 0
29 21 0
29 22 1
29 23 0
29 24 0
29 25 0
29 26 0
29 27 1
29 28 0
29 29 1
29 30 0
29 31 0
29 32 1
29 33 0
29 34 0
29 35 0
29 36 0
29 37 0
29 38 0
29 39 0
29 40 0
29 41 0
29 42 0
29 43 0
29 44 1
29 45 1
29 46 1
29 47 1
29 48 1
29 49 1
29 50 0
29 51 1
29 52 1
29 53 0
29 54 1
29 55 0
29 56 0
29 57 0
29 58 0
29 59 0
29 60 0
29 61 1
29 62 0
29 63 0
29 64 0
29 65 0
29 66 1
29 67 1
29 68 1
29 69 0
29 70 0
29 71 1
29 72 0
29 73 1
29 74 1
29 75 1
29 76 0
29 77 1
29 78 1
29 79 0
29 80 0
29 81 1
29 82 0
29 83 1
29 84 1
29 85 1
29 86 0
29 87 0
29 88 1
29 89 1
29 90 0
29 91 0
29 92 0
29 93 1
29 94 0
29 95 1
29 96 0
29 97 0
29 98 0
29 99 0
29 100 1
30 0 0
30 1 1
30 2 1
30 3 0
30 4 0
30 5 1
30 6 1
30 7 0
30 8 0
30 9 0
30 10 1
30 11 0
30 12 1
30 13 1
30 14 0
30 15 1
30 16 1
30 17 0
30 18 0
30 19 1
30 20 1
30 21 1
30 22 0
30 23 0
30 24 0
30 25 0
30 26 1
30 27 1
30 28 0
30 29 0
30 30 1
30 31 0
30 32 1
30 33 0
30 34 0
30 35 0
30 36 0
30 37 0
30 38 1
30 39 0
30 40 0
30 41 1
30 42 1
30 43 1
30 44 0
30 45 0
30 46 0
30 47 1
30 48 0
30 49 1
30 50 0
30 51 1
30 52 1
30 53 0
30 54 0
30 55 1
30 56 0
30 57 0
30 58 0
30 59 0
30 60 1
30 61 1
30 62 1
30 63 0
30 64 0
30 65 1
30 66 0
30 67 0
30 68 0
30 69 0
30 70 0
30 71 1
30 72 1
30 73 1
30 74 1
30 75 1
30 76 0
30 77 0
30 78 0
30 79 0
30 80 1
30 81 0
30 82 1
30 83 0
30 84 1
30 85 0
30 86 1
30 87 0
30 88 1
30 89 0
30 90 0
30 91 1
30 92 0
30 93 1
30 94 1
30 95 1
30 96 1
30 97 0
30 98 0
30 99 1
30 100 1
31 0 0
31 1 0
31 2 1
31 3 1
31 4 0
31 5 1
31 6 0
31 7 0
31 8 0
31 9 1
31 10 1
31 11 0
31 12 0
31 13 0
31 14 1
31 15 1
31 16 1
31 17 0
31 18 1
31 19 0
31 20 0
31 21 1
31 22 0
31 23 0
31 24 0
31 25 0
31 26 1
31 27 0
31 28 0
31 29 1
31 30 1
31 31 1
31 32 0
31 33 0
31 34 1
31 35 0
31 36 1
31 37 1
31 38 0
31 39 0
31 40 1
31 41 0
31 42 0
31 43 1
31 44 0
31 45 0
31 46 1
31 47 1
31 48 0
31 49 1
31 50 1
31 51 0
31 52 0
31 53 0
31 54 0
31 55 0
31 56 0
31 57 1
31 58 0
31 59 1
31 60 0
31 61 1
31 62 1
31 63 0
31 64 1
31 65 0
31 66 0
31 67 0
31 68 0
31 69 1
31 70 0
31 71 0
31 72 0
31 73 1
31 74 1
31 75 0
31 76 0
31 77 0
31 78 0
31 79 1
31 80 0
31 81 0
31 82 1
31 83 0
31 84 0
31 85 1
31 86 0
31 87 0
31 88 1
31 89 0
31 90 1
31 91 1
31 92 1
31 93 1
31 94 0
31 95 0
31 96 0
31 97 0
31 98 1
31 99 0
31 100 1
32 0 0
32 1 1
32 2 0
32 3 0
32 4 1
32 5 0
32 6 1
32 7 1
32 8 0
32 9 0
32 10 0
32 11 1
32 12 1
32 13 0
32 14 0
32 15 0
32 16 1
32 17 1
32 18 0
32 19 0
32 20 0
32 21 0
32 22 1
32 23 1
32 24 0
32 25 1
32 26 0
32 27 0
32 28 0
32 29 0
32 30 0
32 31 0
32 32 0
32 33 1
32 34 1
32 35 0
32 36 0
32 37 0
32 38 0
32 39 0
32 40 0
32 41 1
32 42 0
32 43 0
32 44 0
32 45 1
32 46 0
32 47 1
32 48 0
32 49 0
32 50 0
32 51 1
32 52 1
32 53 1
32 54 0
32 55 0
32 56 1
32 57 0
32 58 0
32 59 1
32 60 0
32 61 0
32 62 1
32 63 1
32 64 0
32 65 0
32 66 0
32 67 1
32 68 1
32 69 0
32 70 0
32 71 0
32 72 1
32 73 0
32 74 0
32 75 1
32 76 0
32 77 0
32 78 1
32 79 0
32 80 0
32 81 0
32 82 0
32 83 0
32 84 0
32 85 1
32 86 0
32 87 0
32 88 0
32 89 1
32 90 0
32 91 0
32 92 0
32 93 0
32 94 1
32 95 0
32 96 1
32 97 0
32 98 0
32 99 0
32 100 1
33 0 0
33 1 1
33 2 1
33 3 0
33 4 0
33 5 0
33 6 1
33 7 0
33 8 0
33 9 0
33 10 1
33 11 1
33 12 0
33 13 0
33 14 0
33 15 1
33 16 0
33 17 0
33 18 0
33 19 0
33 20 1
33 21 1
33 22 0
33 23 1
33 24 0
33 25 0
33 26 0
33 27 0
33 28 0
33 29 0
33 30 0
33 31 0
33 32 1
33 33 1
33 34 0
33 35 0
33 36 0
33 37 1
33 38 0
33 39 0
33 40 1
33 41 0
33 42 0
33 43 1
33 44 1
33 45 0
33 46 0
33 47 0
33 48 0
33 49 1
33 50 0
33 51 0
33 52 0
33 53 0
33 54 1
33 55 0
33 56 0
33 57 1
33 58 0
33 59 0
33 60 0
33 61 1
33 62 0
33 63 0
33 64 1
33 65 1
33 66 0
33 67 1
33 68 1
33 69 0
33 70 1
33 71 0
33 72 0
33 73 0
33 74 0
33 75 1
33 76 1
33 77 1
33 78 1
33 79 0
33 80 1
33 81 1
33 82 0
33 83 0
33 84 0
33 85 1
33 86 0
33 87 1
33 88 0
33 89 1
33 90 0
33 91 0
33 92 0
33 93 1
33 94 0
33 95 0
33 96 0
33 97 0
33 98 1
33 99 1
33 100 1
34 0 0
34 1 1
34 2 0
34 3 1
34 4 0
34 5 0
34 6 1
34 7 0
34 8 0
34 9 0
34 10 0
34 11 0
34 12 1
34 13 0
34 14 0
34 15 0
34 16 0
34 17 1
34 18 0
34 19 1
34 20 0
34 21 0
34 22 0
34 23 1
34 24 0
34 25 1
34 26 0
34 27 0
34 28 0
34 29 0
34 30 1
34 31 0
34 32 0
34 33 1
34 34 0
34 35 0
34 36 0
34 37 1
34 38 0
34 39 0
34 40 0
34 41 0
34 42 0
34 43 0
34 44 0
34 45 1
34 46 0
34 47 1
34 48 1
34 49 1
34 50 1
34 51 0
34 52 1
34 53 0
34 54 0
34 55 0
34 56 0
34 57 1
34 58 0
34 59 0
34 60 0
34 61 0
34 62 1
34 63 1
34 64 0
34 65 1
34 66 0
34 67 0
34 68 0
34 69 1
34 70 0
34 71 0
34 72 0
34 73 0
34 74 1
34 75 0
34 76 0
34 77 1
34 78 0
34 79 0
34 80 0
34 81 0
34 82 1
34 83 0
34 84 0
34 85 1
34 86 1
34 87 0
34 88 1
34 89 0
34 90 0
34 91 0
34 92 1
34 93 0
34 94 1
34 95 1
34 96 1
34 97 0
34 98 0
34 99 0
34 100 1
35 0 1
35 1 1
35 2 1
35 3 1
35 4 0
35 5 0
35 6 1
35 7 0
35 8 0
35 9 0
35 10 0
35 11 1
35 12 0
35 13 0
35 14 0
35 15 1
35 16 0
35 17 0
35 18 0
35 19 0
35 20 1
35 21 0
35 22 0
35 23 1
35 24 0
35 25 0
35 26 0
35 27 1
35 28 1
35 29 0
35 30 0
35 31 0
35 32 1
35 33 1
35 34 0
35 35 0
35 36 1
35 37 0
35 38 0
35 39 1
35 40 1
35 41 1
35 42 0
35 43 0
35 44 0
35 45 1
35 46 0
35 47 0
35 48 1
35 49 0
35 50 0
35 51 1
35 52 1
35 53 0
35 54 0
35 55 0
35 56 1
35 57 0
35 58 0
35 59 1
35 60 0
35 61 1
35 62 0
35 63 0
35 64 0
35 65 0
35 66 0
35 67 0
35 68 0
35 69 0
35 70 0
35 71 1
35 72 1
35 73 1
35 74 1
35 75 0
35 76 0
35 77 0
35 78 0
35 79 0
35 80 1
35 81 1
35 82 0
35 83 1
35 84 1
35 85 0
35 86 0
35 87 0
35 88 0
35 89 0
35 90 1
35 91 0
35 92 1
35 93 0
35 94 1
35 95 0
35 96 1
35 97 0
35 98 0
35 99 0
35 100 1
36 0 0
36 1 1
36 2 0
36 3 0
36 4 1
36 5 0
36 6 0
36 7 0
36 8 0
36 9 1
36 10 1
36 11 0
36 12 1
36 13 0
36 14 0
36 15 1
36 16 0
36 17 1
36 18 1
36 19 1
36 20 0
36 21 1
36 22 0
36 23 0
36 24 0
36 25 0
36 26 1
36 27 0
36 28 0
36 29 0
36 30 1
36 31 1
36 32 0
36 33 1
36 34 0
36 35 1
36 36 1
36 37 0
36 38 1
36 39 0
36 40 0
36 41 0
36 42 0
36 43 0
36 44 0
36 45 0
36 46 0
36 47 0
36 48 1
36 49 0
36 50 0
36 51 1
36 52 0
36 53 1
36 54 0
36 55 1
36 56 1
36 57 0
36 58 0
36 59 1
36 60 0
36 61 0
36 62 1
36 63 0
36 64 0
36 65 1
36 66 0
36 67 0
36 68 0
36 69 0
36 70 0
36 71 0
36 72 0
36 73 0
36 74 1
36 75 1
36 76 0
36 77 0
36 78 0
36 79 1
36 80 1
36 81 1
36 82 0
36 83 1
36 84 0
36 85 0
36 86 0
36 87 1
36 88 0
36 89 0
36 90 0
36 91 1
36 92 1
36 93 0
36 94 0
36 95 0
36 96 0
36 97 1
36 98 0
36 99 1
36 100 0
37 0 1
37 1 1
37 2 1
37 3 0
37 4 0
37 5 1
37 6 0
37 7 1
37 8 0
37 9 0
37 10 0
37 11 0
37 12 0
37 13 0
37 14 1
37 15 1
37 16 0
37 17 0
37 18 0
37 19 0
37 20 0
37 21 0
37 22 0
37 23 1
37 24 1
37 25 0
37 26 0
37 27 1
37 28 0
37 29 0
37 30 0
37 31 0
37 32 0
37 33 1
37 34 0
37 35 1
37 36 0
37 37 0
37 38 1
37 39 0
37 40 0
37 41 0
37 42 1
37 43 0
37 44 1
37 45 0
37 46 1
37 47 1
37 48 1
37 49 1
37 50 0
37 51 0
37 52 0
37 53 0
37 54 0
37 55 0
37 56 0
37 57 1
37 58 1
37 59 0
37 60 1
37 61 0
37 62 0
37 63 0
37 64 1
37 65 1
37 66 0
37 67 0
37 68 1
37 69 0
37 70 1
37 71 0
37 72 0
37 73 1
37 74 0
37 75 1
37 76 0
37 77 1
37 78 0
37 79 1
37 80 0
37 81 0
37 82 0
37 83 1
37 84 0
37 85 0
37 86 1
37 87 0
37 88 1
37 89 0
37 90 1
37 91 0
37 92 1
37 93 0
37 94 1
37 95 1
37 96 1
37 97 0
37 98 1
37 99 0
37 100 1
38 0 1
38 1 0
38 2 0
38 3 0
38 4 1
38 5 1
38 6 0
38 7 0
38 8 0
38 9 1
38 10 0
38 11 1
38 12 1
38 13 0
38 14 0
38 15 1
38 16 0
38 17 0
38 18 0
38 19 1
38 20 0
38 21 0
38 22 0
38 23 0
38 24 0
38 25 1
38 26 0
38 27 0
38 28 0
38 29 1
38 30 1
38 31 0
38 32 0
38 33 1
38 34 1
38 35 1
38 36 0
38 37 0
38 38 0
38 39 1
38 40 0
38 41 0
38 42 1
38 43 1
38 44 1
38 45 0
38 46 0
38 47 0
38 48 0
38 49 1
38 50 0
38 51 0
38 52 1
38 53 0
38 54 0
38 55 1
38 56 1
38 57 1
38 58 1
38 59 0
38 60 1
38 61 0
38 62 0
38 63 0
38 64 0
38 65 1
38 66 1
38 67 1
38 68 0
38 69 0
38 70 0
38 71 0
38 72 0
38 73 1
38 74 0
38 75 0
38 76 1
38 77 1
38 78 0
38 79 0
38 80 0
38 81 1
38 82 1
38 83 0
38 84 0
38 85 0
38 86 0
38 87 0
38 88 1
38 89 0
38 90 0
38 91 1
38 92 0
38 93 0
38 94 1
38 95 1
38 96 1
38 97 0
38 98 0
38 99 1
38 100 0
39 0 0
39 1 0
39 2 0
39 3 0
39 4 1
39 5 0
39 6 0
39 7 0
39 8 1
39 9 1
39 10 1
39 11 1
39 12 1
39 13 1
39 14 0
39 15 1
39 16 1
39 17 0
39 18 0
39 19 0
39 20 1
39 21 1
39 22 0
39 23 0
39 24 0
39 25 1
39 26 1
39 27 1
39 28 1
39 29 0
39 30 0
39 31 1
39 32 1
39 33 1
39 34 1
39 35 0
39 36 0
39 37 0
39 38 0
39 39 0
39 40 0
39 41 0
39 42 1
39 43 0
39 44 0
39 45 0
39 46 1
39 47 0
39 48 0
39 49 0
39 50 0
39 51 1
39 52 0
39 53 1
39 54 0
39 55 0
39 56 1
39 57 1
39 58 0
39 59 0
39 60 0
39 61 0
39 62 0
39 63 1
39 64 1
39 65 1
39 66 0
39 67 0
39 68 0
39 69 1
39 70 1
39 71 0
39 72 1
39 73 0
39 74 0
39 75 1
39 76 0
39 77 1
39 78 0
39 79 1
39 80 0
39 81 0
39 82 0
39 83 0
39 84 0
39 85 1
39 86 1
39 87 0
39 88 0
39 89 0
39 90 0
39 91 0
39 92 0
39 93 1
39 94 0
39 95 0
39 96 1
39 97 1
39 98 0
39 99 1
39 100 0
40 0 0
40 1 0
40 2 1
40 3 0
40 4 1
40 5 0
40 6 0
40 7 1
40 8 0
40 9 0
40 10 0
40 11 0
40 12 0
40 13 0
40 14 1
40 15 0
40 16 0
40 17 1
40 18 1
40 19 1
40 20 0
40 21 0
40 22 1
40 23 0
40 24 1
40 25 0
40 26 0
40 27 0
40 28 0
40 29 1
40 30 0
40 31 0
40 32 0
40 33 0
40 34 0
40 35 0
40 36 0
40 37 0
40 38 1
40 39 0
40 40 1
40 41 0
40 42 1
40 43 1
40 44 1
40 45 0
40 46 0
40 47 0
40 48 0
40 49 0
40 50 0
40 51 1
40 52 1
40 53 1
40 54 0
40 55 0
40 56 0
40 57 0
40 58 0
40 59 0
40 60 1
40 61 0
40 62 1
40 63 1
40 64 0
40 65 0
40 66 0
40 67 0
40 68 0
40 69 1
40 70 0
40 71 1
40 72 0
40 73 1
40 74 0
40 75 0
40 76 0
40 77 1
40 78 0
40 79 0
40 80 1
40 81 0
40 82 1
40 83 0
40 84 1
40 85 1
40 86 0
40 87 0
40 88 0
40 89 0
40 90 0
40 91 1
40 92 0
40 93 1
40 94 0
40 95 1
40 96 0
40 97 0
40 98 0
40 99 0
40 100 0
41 0 1
41 1 0
41 2 0
41 3 1
41 4 0
41 5 0
41 6 1
41 7 1
41 8 1
41 9 0
41 10 0
41 11 0
41 12 0
41 13 1
41 14 1
41 15 0
41 16 1
41 17 1
41 18 0
41 19 0
41 20 0
41 21 0
41 22 0
41 23 1
41 24 0
41 25 0
41 26 1
41 27 1
41 28 0
41 29 1
41 30 1
41 31 1
41 32 1
41 33 0
41 34 0
41 35 0
41 36 0
41 37 1
41 38 1
41 39 0
41 40 0
41 41 0
41 42 0
41 43 1
41 44 1
41 45 0
41 46 1
41 47 1
41 48 0
41 49 1
41 50 0
41 51 1
41 52 0
41 53 1
41 54 0
41 55 0
41 56 1
41 57 0
41 58 1
41 59 1
41 60 1
41 61 0
41 62 0
41 63 1
41 64 0
41 65 0
41 66 1
41 67 0
41 68 0
41 69 1
41 70 0
41 71 1
41 72 0
41 73 0
41 74 0
41 75 0
41 76 1
41 77 1
41 78 1
41 79 0
41 80 1
41 81 0
41 82 1
41 83 0
41 84 1
41 85 1
41 86 0
41 87 0
41 88 0
41 89 0
41 90 0
41 91 0
41 92 0
41 93 1
41 94 1
41 95 1
41 96 1
41 97 1
41 98 1
41 99 0
41 100 1
42 0 0
42 1 1
42 2 1
42 3 1
42 4 1
42 5 0
42 6 0
42 7 0
42 8 0
42 9 0
42 10 0
42 11 0
42 12 0
42 13 0
42 14 1
42 15 0
42 16 0
42 17 0
42 18 0
42 19 0
42 20 0
42 21 0
42 22 0
42 23 0
42 24 0
42 25 1
42 26 0
42 27 0
42 28 0
42 29 0
42 30 0
42 31 1
42 32 0
42 33 1
42 34 0
42 35 0
42 36 1
42 37 0
42 38 0
42 39 1
42 40 0
42 41 0
42 42 0
42 43 1
42 44 0
42 45 0
42 46 0
42 47 1
42 48 1
42 49 1
42 50 0
42 51 0
42 52 0
42 53 1
42 54 0
42 55 0
42 56 0
42 57 1
42 58 1
42 59 0
42 60 0
42 61 0
42 62 0
42 63 1
42 64 0
42 65 0
42 66 1
42 67 1
42 68 0
42 69 1
42 70 1
42 71 1
42 72 0
42 73 1
42 74 0
42 75 0
42 76 0
42 77 0
42 78 0
42 79 1
42 80 1
42 81 1
42 82 0
42 83 0
42 84 0
42 85 0
42 86 0
42 87 0
42 88 1
42 89 0
42 90 1
42 91 1
42 92 1
42 93 0
42 94 0
42 95 1
42 96 0
42 97 0
42 98 1
42 99 1
42 100 0
43 0 0
43 1 1
43 2 0
43 3 0
43 4 0
43 5 0
43 6 1
43 7 0
43 8 0
43 9 0
43 10 0
43 11 0
43 12 1
43 13 0
43 14 0
43 15 0
43 16 0
43 17 0
43 18 0
43 19 0
43 20 0
43 21 0
43 22 0
43 23 1
43 24 0
43 25 0
43 26 0
43 27 1
43 28 0
43 29 1
43 30 1
43 31 0
43 32 1
43 33 1
43 34 1
43 35 0
43 36 0
43 37 0
43 38 1
43 39 0
43 40 1
43 41 0
43 42 0
43 43 1
43 44 0
43 45 1
43 46 0
43 47 0
43 48 0
43 49 1
43 50 0
43 51 1
43 52 0
43 53 0
43 54 0
43 55 1
43 56 1
43 57 0
43 58 1
43 59 0
43 60 1
43 61 1
43 62 0
43 63 1
43 64 0
43 65 1
43 66 1
43 67 1
43 68 0
43 69 1
43 70 1
43 71 0
43 72 0
43 73 0
43 74 0
43 75 0
43 76 1
43 77 0
43 78 1
43 79 1
43 80 0
43 81 0
43 82 1
43 83 0
43 84 0
43 85 0
43 86 0
43 87 1
43 88 0
43 89 1
43 90 0
43 91 1
43 92 1
43 93 0
43 94 0
43 95 0
43 96 1
43 97 0
43 98 0
43 99 0
43 100 1
44 0 0
44 1 0
44 2 0
44 3 1
44 4 1
44 5 0
44 6 1
44 7 0
44 8 0
44 9 0
44 10 1
44 11 1
44 12 0
44 13 0
44 14 0
44 15 1
44 16 0
44 17 1
44 18 0
44 19 1
44 20 0
44 21 1
44 22 1
44 23 0
44 24 0
44 25 1
44 26 0
44 27 1
44 28 1
44 29 0
44 30 0
44 31 1
44 32 1
44 33 1
44 34 0
44 35 0
44 36 0
44 37 0
44 38 0
44 39 1
44 40 1
44 41 1
44 42 1
44 43 1
44 44 0
44 45 1
44 46 0
44 47 0
44 48 0
44 49 0
44 50 1
44 51 0
44 52 1
44 53 0
44 54 0
44 55 0
44 56 0
44 57 0
44 58 1
44 59 0
44 60 1
44 61 0
44 62 1
44 63 1
44 64 0
44 65 1
44 66 0
44 67 1
44 68 1
44 69 0
44 70 0
44 71 1
44 72 1
44 73 1
44 74 0
44 75 0
44 76 1
44 77 0
44 78 0
44 79 1
44 80 1
44 81 1
44 82 0
44 83 1
44 84 0
44 85 1
44 86 1
44 87 1
44 88 1
44 89 0
44 90 0
44 91 0
44 92 0
44 93 1
44 94 0
44 95 1
44 96 1
44 97 0
44 98 1
44 99 0
44 100 0
45 0 1
45 1 0
45 2 0
45 3 1
45 4 0
45 5 1
45 6 0
45 7 1
45 8 1
45 9 0
45 10 0
45 11 0
45 12 1
45 13 1
45 14 0
45 15 1
45 16 0
45 17 0
45 18 0
45 19 1
45 20 0
45 21 1
45 22 1
45 23 0
45 24 0
45 25 0
45 26 0
45 27 0
45 28 1
45 29 1
45 30 1
45 31 0
45 32 0
45 33 0
45 34 0
45 35 0
45 36 0
45 37 0
45 38 0
45 39 1
45 40 1
45 41 1
45 42 1
45 43 0
45 44 0
45 45 0
45 46 0
45 47 0
45 48 0
45 49 1
45 50 0
45 51 0
45 52 1
45 53 1
45 54 0
45 55 1
45 56 0
45 57 0
45 58 0
45 59 1
45 60 0
45 61 0
45 62 0
45 63 1
45 64 0
45 65 1
45 66 1
45 67 1
45 68 1
45 69 1
45 70 1
45 71 1
45 72 1
45 73 1
45 74 1
45 75 0
45 76 0
45 77 0
45 78 0
45 79 1
45 80 0
45 81 1
45 82 0
45 83 0
45 84 1
45 85 1
45 86 0
45 87 0
45 88 1
45 89 1
45 90 1
45 91 0
45 92 0
45 93 0
45 94 0
45 95 0
45 96 1
45 97 1
45 98 0
45 99 0
45 100 0
46 0 1
46 1 0
46 2 0
46 3 0
46 4 1
46 5 0
46 6 1
46 7 0
46 8 0
46 9 1
46 10 0
46 11 1
46 12 1
46 13 0
46 14 0
46 15 1
46 16 0
46 17 1
46 18 1
46 19 0
46 20 0
46 21 0
46 22 0
46 23 0
46 24 1
46 25 0
46 26 0
46 27 0
46 28 1
46 29 1
46 30 0
46 31 1
46 32 1
46 33 1
46 34 1
46 35 1
46 36 0
46 37 0
46 38 0
46 39 1
46 40 0
46 41 0
46 42 0
46 43 0
46 44 1
46 45 1
46 46 1
46 47 0
46 48 0
46 49 0
46 50 0
46 51 1
46 52 1
46 53 0
46 54 1
46 55 1
46 56 0
46 57 1
46 58 1
46 59 0
46 60 0
46 61 1
46 62 0
46 63 1
46 64 1
46 65 0
46 66 0
46 67 1
46 68 0
46 69 1
46 70 0
46 71 0
46 72 1
46 73 0
46 74 0
46 75 0
46 76 0
46 77 0
46 78 0
46 79 0
46 80 0
46 81 0
46 82 0
46 83 1
46 84 0
46 85 0
46 86 0
46 87 1
46 88 0
46 89 0
46 90 1
46 91 0
46 92 0
46 93 0
46 94 1
46 95 1
46 96 1
46 97 0
46 98 1
46 99 1
46 100 0
47 0 0
47 1 0
47 2 1
47 3 0
47 4 0
47 5 0
47 6 1
47 7 0
47 8 0
47 9 1
47 10 0
47 11 0
47 12 0
47 13 0
47 14 1
47 15 0
47 16 0
47 17 1
47 18 1
47 19 0
47 20 0
47 21 0
47 22 0
47 23 0
47 24 1
47 25 0
47 26 1
47 27 1
47 28 0
47 29 0
47 30 0
47 31 0
47 32 0
47 33 0
47 34 0
47 35 0
47 36 1
47 37 1
47 38 1
47 39 0
47 40 0
47 41 0
47 42 0
47 43 0
47 44 0
47 45 0
47 46 1
47 47 0
47 48 1
47 49 0
47 50 0
47 51 0
47 52 1
47 53 1
47 54 0
47 55 0
47 56 1
47 57 0
47 58 1
47 59 0
47 60 1
47 61 0
47 62 1
47 63 0
47 64 1
47 65 0
47 66 1
47 67 0
47 68 0
47 69 0
47 70 1
47 71 0
47 72 0
47 73 0
47 74 1
47 75 1
47 76 0
47 77 1
47 78 0
47 79 0
47 80 1
47 81 1
47 82 1
47 83 1
47 84 1
47 85 0
47 86 0
47 87 0
47 88 0
47 89 0
47 90 0
47 91 0
47 92 1
47 93 0
47 94 0
47 95 0
47 96 0
47 97 1
47 98 0
47 99 0
47 100 0
48 0 1
48 1 0
48 2 1
48 3 0
48 4 0
48 5 0
48 6 1
48 7 0
48 8 1
48 9 0
48 10 0
48 11 0
48 12 0
48 13 1
48 14 1
48 15 0
48 16 0
48 17 1
48 18 0
48 19 0
48 20 1
48 21 0
48 22 0
48 23 0
48 24 1
48 25 0
48 26 1
48 27 1
48 28 1
48 29 0
48 30 1
48 31 1
48 32 0
48 33 0
48 34 0
48 35 1
48 36 1
48 37 0
48 38 0
48 39 0
48 40 0
48 41 0
48 42 1
48 43 0
48 44 1
48 45 0
48 46 0
48 47 0
48 48 0
48 49 0
48 50 0
48 51 0
48 52 0
48 53 0
48 54 0
48 55 0
48 56 0
48 57 0
48 58 0
48 59 1
48 60 0
48 61 0
48 62 1
48 63 0
48 64 0
48 65 1
48 66 0
48 67 0
48 68 1
48 69 0
48 70 0
48 71 0
48 72 0
48 73 0
48 74 0
48 75 0
48 76 1
48 77 0
48 78 0
48 79 1
48 80 0
48 81 1
48 82 1
48 83 0
48 84 0
48 85 1
48 86 0
48 87 1
48 88 0
48 89 0
48 90 1
48 91 0
48 92 0
48 93 0
48 94 0
48 95 0
48 96 1
48 97 0
48 98 1
48 99 0
48 100 0
49 0 1
49 1 0
49 2 0
49 3 0
49 4 0
49 5 1
49 6 0
49 7 0
49 8 0
49 9 0
49 10 0
49 11 1
49 12 0
49 13 0
49 14 1
49 15 0
49 16 1
49 17 0
49 18 0
49 19 1
49 20 0
49 21 0
49 22 1
49 23 1
49 24 1
49 25 0
49 26 0
49 27 1
49 28 0
49 29 0
49 30 0
49 31 0
49 32 0
49 33 0
49 34 0
49 35 1
49 36 0
49 37 0
49 38 0
49 39 0
49 40 1
49 41 0
49 42 0
49 43 0
49 44 1
49 45 0
49 46 1
49 47 1
49 48 0
49 49 0
49 50 0
49 51 0
49 52 1
49 53 1
49 54 1
49 55 1
49 56 0
49 57 1
49 58 0
49 59 0
49 60 0
49 61 0
49 62 0
49 63 0
49 64 0
49 65 0
49 66 1
49 67 0
49 68 0
49 69 0
49 70 1
49 71 0
49 72 0
49 73 1
49 74 1
49 75 0
49 76 0
49 77 1
49 78 0
49 79 0
49 80 0
49 81 1
49 82 0
49 83 0
49 84 0
49 85 0
49 86 1
49 87 0
49 88 1
49 89 0
49 90 0
49 91 1
49 92 1
49 93 0
49 94 1
49 95 0
49 96 0
49 97 0
49 98 0
49 99 1
49 100 0
50 0 1
50 1 0
50 2 0
50 3 0
50 4 1
50 5 1
50 6 0
50 7 0
50 8 0
50 9 1
50 10 0
50 11 0
50 12 0
50 13 1
50 14 0
50 15 0
50 16 0
50 17 0
50 18 1
50 19 0
50 20 1
50 21 0
50 22 0
50 23 0
50 24 0
50 25 0
50 26 0
50 27 0
50 28 0
50 29 0
50 30 0
50 31 1
50 32 1
50 33 1
50 34 0
50 35 1
50 36 1
50 37 0
50 38 0
50 39 1
50 40 0
50 41 0
50 42 1
50 43 0
50 44 1
50 45 0
50 46 0
50 47 0
50 48 0
50 49 0
50 50 0
50 51 0
50 52 1
50 53 1
50 54 0
50 55 0
50 56 0
50 57 0
50 58 1
50 59 0
50 60 0
50 61 0
50 62 0
50 63 0
50 64 1
50 65 1
50 66 0
50 67 1
50 68 1
50 69 0
50 70 0
50 71 0
50 72 0
50 73 0
50 74 0
50 75 1
50 76 1
50 77 1
50 78 0
50 79 1
50 80 0
50 81 0
50 82 1
50 83 0
50 84 1
50 85 0
50 86 1
50 87 0
50 88 1
50 89 1
50 90 0
50 91 0
50 92 0
50 93 0
50 94 1
50 95 1
50 96 0
50 97 1
50 98 1
50 99 0
50 100 0
51 0 0
51 1 0
51 2 0
51 3 0
51 4 1
51 5 0
51 6 1
51 7 1
51 8 0
51 9 0
51 10 0
51 11 0
51 12 0
51 13 1
51 14 0
51 15 0
51 16 1
51 17 0
51 18 1
51 19 1
51 20 0
51 21 0
51 22 0
51 23 1
51 24 1
51 25 0
51 26 1
51 27 1
51 28 1
51 29 1
51 30 1
51 31 0
51 32 0
51 33 0
51 34 1
51 35 1
51 36 0
51 37 0
51 38 0
51 39 0
51 40 1
51 41 1
51 42 1
51 43 0
51 44 1
51 45 1
51 46 1
51 47 0
51 48 0
51 49 0
51 50 0
51 51 1
51 52 0
51 53 1
51 54 1
51 55 1
51 56 0
51 57 0
51 58 1
51 59 0
51 60 0
51 61 1
51 62 1
51 63 1
51 64 0
51 65 0
51 66 0
51 67 1
51 68 1
51 69 0
51 70 1
51 71 1
51 72 0
51 73 1
51 74 0
51 75 0
51 76 0
51 77 1
51 78 0
51 79 1
51 80 0
51 81 1
51 82 0
51 83 0
51 84 1
51 85 0
51 86 1
51 87 0
51 88 0
51 89 0
51 90 1
51 91 0
51 92 0
51 93 0
51 94 1
51 95 1
51 96 0
51 97 1
51 98 0
51 99 1
51 100 0
52 0 0
52 1 1
52 2 0
52 3 1
52 4 0
52 5 1
52 6 1
52 7 0
52 8 1
52 9 0
52 10 0
52 11 1
52 12 0
52 13 1
52 14 1
52 15 0
52 16 1
52 17 0
52 18 0
52 19 0
52 20 0
52 21 1
52 22 0
52 23 0
52 24 1
52 25 0
52 26 1
52 27 1
52 28 0
52 29 0
52 30 0
52 31 0
52 32 1
52 33 0
52 34 1
52 35 0
52 36 0
52 37 0
52 38 1
52 39 1
52 40 1
52 41 0
52 42 0
52 43 1
52 44 1
52 45 1
52 46 1
52 47 0
52 48 0
52 49 0
52 50 0
52 51 0
52 52 0
52 53 0
52 54 1
52 55 0
52 56 0
52 57 0
52 58 0
52 59 0
52 60 1
52 61 1
52 62 0
52 63 0
52 64 0
52 65 0
52 66 1
52 67 0
52 68 0
52 69 0
52 70 0
52 71 1
52 72 0
52 73 0
52 74 0
52 75 0
52 76 1
52 77 0
52 78 0
52 79 1
52 80 0
52 81 0
52 82 1
52 83 1
52 84 0
52 85 1
52 86 0
52 87 0
52 88 0
52 89 0
52 90 0
52 91 0
52 92 0
52 93 1
52 94 0
52 95 0
52 96 1
52 97 0
52 98 0
52 99 1
52 100 1
53 0 1
53 1 1
53 2 1
53 3 1
53 4 0
53 5 0
53 6 0
53 7 0
53 8 1
53 9 0
53 10 0
53 11 0
53 12 0
53 13 0
53 14 1
53 15 0
53 16 1
53 17 0
53 18 1
53 19 0
53 20 0
53 21 0
53 22 0
53 23 1
53 24 1
53 25 1
53 26 0
53 27 1
53 28 0
53 29 0
53 30 0
53 31 0
53 32 0
53 33 0
53 34 1
53 35 0
53 36 1
53 37 0
53 38 1
53 39 0
53 40 0
53 41 0
53 42 0
53 43 0
53 44 0
53 45 0
53 46 0
53 47 1
53 48 1
53 49 0
53 50 1
53 51 1
53 52 1
53 53 0
53 54 0
53 55 0
53 56 0
53 57 0
53 58 1
53 59 0
53 60 0
53 61 0
53 62 0
53 63 0
53 64 0
53 65 0
53 66 0
53 67 1
53 68 0
53 69 1
53 70 1
53 71 1
53 72 0
53 73 0
53 74 1
53 75 0
53 76 0
53 77 1
53 78 1
53 79 1
53 80 1
53 81 0
53 82 1
53 83 0
53 84 0
53 85 1
53 86 0
53 87 0
53 88 0
53 89 1
53 90 0
53 91 1
53 92 0
53 93 0
53 94 0
53 95 1
53 96 1
53 97 0
53 98 0
53 99 0
53 100 0
54 0 1
54 1 1
54 2 0
54 3 0
54 4 1
54 5 1
54 6 0
54 7 0
54 8 0
54 9 0
54 10 0
54 11 0
54 12 1
54 13 1
54 14 1
54 15 1
54 16 0
54 17 1
54 18 0
54 19 0
54 20 0
54 21 0
54 22 0
54 23 1
54 24 0
54 25 1
54 26 1
54 27 0
54 28 1
54 29 0
54 30 1
54 31 1
54 32 1
54 33 1
54 34 1
54 35 1
54 36 0
54 37 1
54 38 0
54 39 1
54 40 0
54 41 0
54 42 1
54 43 1
54 44 0
54 45 1
54 46 0
54 47 0
54 48 1
54 49 1
54 50 0
54 51 0
54 52 0
54 53 1
54 54 0
54 55 1
54 56 1
54 57 0
54 58 0
54 59 0
54 60 0
54 61 1
54 62 0
54 63 1
54 64 0
54 65 0
54 66 1
54 67 1
54 68 0
54 69 0
54 70 0
54 71 0
54 72 0
54 73 0
54 74 0
54 75 1
54 76 1
54 77 1
54 78 1
54 79 1
54 80 0
54 81 0
54 82 0
54 83 0
54 84 0
54 85 0
54 86 0
54 87 0
54 88 0
54 89 1
54 90 0
54 91 0
54 92 0
54 93 1
54 94 0
54 95 0
54 96 0
54 97 1
54 98 0
54 99 1
54 100 0
55 0 0
55 1 0
55 2 0
55 3 0
55 4 0
55 5 0
55 6 0
55 7 1
55 8 0
55 9 1
55 10 1
55 11 1
55 12 1
55 13 1
55 14 0
55 15 1
55 16 1
55 17 0
55 18 0
55 19 1
55 20 1
55 21 1
55 22 0
55 23 1
55 24 0
55 25 1
55 26 0
55 27 0
55 28 1
55 29 1
55 30 0
55 31 0
55 32 1
55 33 0
55 34 0
55 35 0
55 36 1
55 37 0
55 38 0
55 39 1
55 40 0
55 41 0
55 42 0
55 43 1
55 44 0
55 45 0
55 46 1
55 47 1
55 48 0
55 49 0
55 50 1
55 51 0
55 52 1
55 53 0
55 54 1
55 55 0
55 56 0
55 57 0
55 58 0
55 59 0
55 60 0
55 61 0
55 62 1
55 63 0
55 64 0
55 65 1
55 66 1
55 67 1
55 68 1
55 69 0
55 70 1
55 71 0
55 72 0
55 73 0
55 74 0
55 75 0
55 76 1
55 77 0
55 78 0
55 79 0
55 80 1
55 81 1
55 82 0
55 83 0
55 84 1
55 85 0
55 86 0
55 87 1
55 88 0
55 89 0
55 90 1
55 91 0
55 92 0
55 93 0
55 94 1
55 95 0
55 96 0
55 97 1
55 98 1
55 99 0
55 100 0
56 0 1
56 1 1
56 2 0
56 3 1
56 4 0
56 5 0
56 6 1
56 7 0
56 8 1
56 9 0
56 10 0
56 11 0
56 12 0
56 13 1
56 14 0
56 15 1
56 16 1
56 17 0
56 18 0
56 19 1
56 20 0
56 21 1
56 22 0
56 23 0
56 24 0
56 25 0
56 26 0
56 27 1
56 28 0
56 29 1
56 30 1
56 31 1
56 32 0
56 33 1
56 34 1
56 35 1
56 36 0
56 37 0
56 38 0
56 39 0
56 40 1
56 41 1
56 42 1
56 43 0
56 44 0
56 45 0
56 46 0
56 47 1
56 48 0
56 49 0
56 50 0
56 51 0
56 52 0
56 53 0
56 54 0
56 55 0
56 56 1
56 57 0
56 58 0
56 59 0
56 60 0
56 61 0
56 62 0
56 63 1
56 64 0
56 65 0
56 66 0
56 67 0
56 68 0
56 69 0
56 70 0
56 71 0
56 72 0
56 73 0
56 74 1
56 75 0
56 76 1
56 77 1
56 78 1
56 79 1
56 80 0
56 81 1
56 82 1
56 83 1
56 84 1
56 85 1
56 86 0
56 87 0
56 88 1
56 89 0
56 90 0
56 91 0
56 92 0
56 93 0
56 94 0
56 95 1
56 96 1
56 97 0
56 98 0
56 99 0
56 100 1
57 0 1
57 1 0
57 2 1
57 3 0
57 4 1
57 5 0
57 6 1
57 7 0
57 8 0
57 9 0
57 10 0
57 11 0
57 12 0
57 13 1
57 14 1
57 15 1
57 16 0
57 17 1
57 18 0
57 19 1
57 20 0
57 21 1
57 22 0
57 23 0
57 24 1
57 25 0
57 26 0
57 27 0
57 28 1
57 29 1
57 30 1
57 31 0
57 32 0
57 33 1
57 34 1
57 35 1
57 36 0
57 37 0
57 38 0
57 39 1
57 40 0
57 41 0
57 42 0
57 43 1
57 44 1
57 45 0
57 46 0
57 47 0
57 48 0
57 49 0
57 50 1
57 51 1
57 52 0
57 53 0
57 54 0
57 55 0
57 56 1
57 57 0
57 58 1
57 59 1
57 60 0
57 61 1
57 62 0
57 63 0
57 64 1
57 65 1
57 66 1
57 67 0
57 68 1
57 69 0
57 70 1
57 71 0
57 72 0
57 73 1
57 74 1
57 75 1
57 76 0
57 77 0
57 78 0
57 79 0
57 80 0
57 81 1
57 82 0
57 83 1
57 84 0
57 85 0
57 86 0
57 87 0
57 88 0
57 89 1
57 90 1
57 91 0
57 92 1
57 93 1
57 94 1
57 95 0
57 96 0
57 97 1
57 98 1
57 99 1
57 100 0
58 0 0
58 1 1
58 2 1
58 3 1
58 4 1
58 5 0
58 6 0
58 7 1
58 8 0
58 9 0
58 10 0
58 11 0
58 12 0
58 13 1
58 14 1
58 15 1
58 16 0
58 17 0
58 18 0
58 19 0
58 20 1
58 21 1
58 22 0
58 23 0
58 24 1
58 25 0
58 26 1
58 27 1
58 28 1
58 29 0
58 30 1
58 31 1
58 32 0
58 33 0
58 34 0
58 35 0
58 36 0
58 37 1
58 38 0
58 39 1
58 40 0
58 41 1
58 42 1
58 43 0
58 44 0
58 45 1
58 46 1
58 47 0
58 48 1
58 49 1
58 50 0
58 51 1
58 52 1
58 53 0
58 54 0
58 55 0
58 56 0
58 57 1
58 58 1
58 59 1
58 60 0
58 61 0
58 62 0
58 63 0
58 64 1
58 65 0
58 66 1
58 67 0
58 68 0
58 69 1
58 70 1
58 71 0
58 72 1
58 73 0
58 74 0
58 75 1
58 76 0
58 77 0
58 78 0
58 79 0
58 80 0
58 81 0
58 82 0
58 83 1
58 84 0
58 85 1
58 86 1
58 87 0
58 88 0
58 89 1
58 90 0
58 91 1
58 92 1
58 93 0
58 94 0
58 95 1
58 96 1
58 97 0
58 98 0
58 99 1
58 100 1
59 0 0
59 1 1
59 2 1
59 3 0
59 4 0
59 5 0
59 6 0
59 7 0
59 8 0
59 9 0
59 10 1
59 11 0
59 12 0
59 13 1
59 14 0
59 15 0
59 16 0
59 17 0
59 18 0
59 19 0
59 20 1
59 21 0
59 22 0
59 23 0
59 24 1
59 25 0
59 26 1
59 27 1
59 28 0
59 29 0
59 30 0
59 31 0
59 32 0
59 33 1
59 34 0
59 35 0
59 36 0
59 37 0
59 38 0
59 39 0
59 40 0
59 41 0
59 42 1
59 43 0
59 44 1
59 45 0
59 46 1
59 47 0
59 48 0
59 49 0
59 50 0
59 51 0
59 52 0
59 53 0
59 54 0
59 55 0
59 56 1
59 57 1
59 58 0
59 59 0
59 60 0
59 61 1
59 62 1
59 63 1
59 64 0
59 65 1
59 66 0
59 67 0
59 68 0
59 69 0
59 70 0
59 71 1
59 72 0
59 73 1
59 74 0
59 75 0
59 76 1
59 77 0
59 78 0
59 79 1
59 80 1
59 81 1
59 82 0
59 83 0
59 84 0
59 85 0
59 86 1
59 87 0
59 88 0
59 89 0
59 90 1
59 91 0
59 92 0
59 93 0
59 94 0
59 95 1
59 96 0
59 97 0
59 98 0
59 99 0
59 100 1
60 0 0
60 1 1
60 2 1
60 3 0
60 4 0
60 5 1
60 6 0
60 7 0
60 8 0
60 9 1
60 10 0
60 11 1
60 12 0
60 13 0
60 14 0
60 15 0
60 16 0
60 17 0
60 18 0
60 19 0
60 20 0
60 21 0
60 22 1
60 23 1
60 24 1
60 25 0
60 26 0
60 27 0
60 28 0
60 29 0
60 30 0
60 31 0
60 32 0
60 33 1
60 34 0
60 35 0
60 36 0
60 37 1
60 38 1
60 39 0
60 40 1
60 41 0
60 42 1
60 43 0
60 44 1
60 45 0
60 46 0
60 47 0
60 48 1
60 49 0
60 50 0
60 51 0
60 52 0
60 53 1
60 54 1
60 55 1
60 56 0
60 57 1
60 58 1
60 59 0
60 60 0
60 61 1
60 62 0
60 63 1
60 64 1
60 65 0
60 66 1
60 67 1
60 68 0
60 69 0
60 70 0
60 71 0
60 72 1
60 73 0
60 74 1
60 75 0
60 76 0
60 77 1
60 78 0
60 79 1
60 80 0
60 81 0
60 82 0
60 83 0
60 84 1
60 85 1
60 86 0
60 87 0
60 88 0
60 89 0
60 90 0
60 91 1
60 92 1
60 93 0
60 94 1
60 95 1
60 96 0
60 97 1
60 98 0
60 99 1
60 100 0
61 0 0
61 1 1
61 2 0
61 3 1
61 4 0
61 5 0
61 6 0
61 7 1
61 8 1
61 9 1
61 10 0
61 11 0
61 12 0
61 13 0
61 14 0
61 15 1
61 16 0
61 17 1
61 18 0
61 19 0
61 20 1
61 21 0
61 22 0
61 23 0
61 24 1
61 25 0
61 26 1
61 27 1
61 28 0
61 29 0
61 30 0
61 31 1
61 32 0
61 33 1
61 34 1
61 35 1
61 36 1
61 37 0
61 38 0
61 39 1
61 40 0
61 41 0
61 42 1
61 43 0
61 44 1
61 45 0
61 46 0
61 47 1
61 48 0
61 49 0
61 50 0
61 51 1
61 52 1
61 53 1
61 54 1
61 55 1
61 56 1
61 57 1
61 58 1
61 59 0
61 60 0
61 61 1
61 62 0
61 63 1
61 64 1
61 65 0
61 66 1
61 67 1
61 68 1
61 69 0
61 70 0
61 71 0
61 72 0
61 73 0
61 74 0
61 75 1
61 76 1
61 77 0
61 78 1
61 79 1
61 80 1
61 81 0
61 82 1
61 83 0
61 84 1
61 85 0
61 86 1
61 87 1
61 88 1
61 89 0
61 90 0
61 91 0
61 92 0
61 93 0
61 94 0
61 95 0
61 96 0
61 97 1
61 98 0
61 99 0
61 100 0
62 0 0
62 1 0
62 2 0
62 3 1
62 4 0
62 5 0
62 6 1
62 7 1
62 8 1
62 9 0
62 10 0
62 11 0
62 12 1
62 13 0
62 14 1
62 15 1
62 16 0
62 17 0
62 18 1
62 19 1
62 20 1
62 21 1
62 22 1
62 23 1
62 24 0
62 25 0
62 26 1
62 27 0
62 28 0
62 29 1
62 30 0
62 31 0
62 32 0
62 33 0
62 34 0
62 35 0
62 36 0
62 37 1
62 38 1
62 39 0
62 40 1
62 41 0
62 42 0
62 43 0
62 44 0
62 45 0
62 46 0
62 47 0
62 48 0
62 49 0
62 50 0
62 51 1
62 52 0
62 53 1
62 54 1
62 55 0
62 56 1
62 57 0
62 58 1
62 59 0
62 60 0
62 61 0
62 62 1
62 63 0
62 64 0
62 65 0
62 66 0
62 67 1
62 68 0
62 69 0
62 70 0
62 71 1
62 72 0
62 73 1
62 74 1
62 75 0
62 76 0
62 77 0
62 78 0
62 79 1
62 80 0
62 81 0
62 82 1
62 83 0
62 84 1
62 85 0
62 86 0
62 87 0
62 88 0
62 89 1
62 90 1
62 91 1
62 92 0
62 93 0
62 94 1
62 95 1
62 96 0
62 97 1
62 98 0
62 99 1
62 100 0
63 0 0
63 1 0
63 2 0
63 3 0
63 4 1
63 5 1
63 6 0
63 7 0
63 8 0
63 9 0
63 10 0
63 11 0
63 12 1
63 13 0
63 14 0
63 15 0
63 16 1
63 17 0
63 18 1
63 19 1
63 20 0
63 21 0
63 22 0
63 23 0
63 24 0
63 25 1
63 26 0
63 27 1
63 28 0
63 29 0
63 30 0
63 31 0
63 32 0
63 33 1
63 34 1
63 35 0
63 36 0
63 37 0
63 38 1
63 39 1
63 40 0
63 41 1
63 42 1
63 43 0
63 44 1
63 45 1
63 46 0
63 47 0
63 48 0
63 49 1
63 50 0
63 51 0
63 52 0
63 53 1
63 54 0
63 55 1
63 56 0
63 57 1
63 58 1
63 59 0
63 60 1
63 61 1
63 62 0
63 63 1
63 64 0
63 65 1
63 66 0
63 67 0
63 68 1
63 69 0
63 70 1
63 71 1
63 72 0
63 73 0
63 74 0
63 75 0
63 76 0
63 77 0
63 78 1
63 79 1
63 80 0
63 81 0
63 82 1
63 83 0
63 84 0
63 85 0
63 86 1
63 87 0
63 88 1
63 89 0
63 90 0
63 91 0
63 92 0
63 93 1
63 94 1
63 95 0
63 96 0
63 97 0
63 98 1
63 99 1
63 100 1
64 0 0
64 1 0
64 2 0
64 3 0
64 4 0
64 5 0
64 6 0
64 7 1
64 8 1
64 9 0
64 10 0
64 11 0
64 12 1
64 13 1
64 14 1
64 15 0
64 16 0
64 17 0
64 18 1
64 19 0
64 20 0
64 21 0
64 22 0
64 23 0
64 24 0
64 25 1
64 26 1
64 27 0
64 28 0
64 29 0
64 30 0
64 31 0
64 32 0
64 33 1
64 34 0
64 35 0
64 36 0
64 37 0
64 38 0
64 39 1
64 40 1
64 41 1
64 42 0
64 43 0
64 44 0
64 45 0
64 46 1
64 47 1
64 48 0
64 49 0
64 50 0
64 51 0
64 52 0
64 53 1
64 54 0
64 55 0
64 56 0
64 57 1
64 58 1
64 59 1
64 60 0
64 61 1
64 62 0
64 63 1
64 64 0
64 65 1
64 66 1
64 67 0
64 68 1
64 69 1
64 70 0
64 71 1
64 72 0
64 73 0
64 74 0
64 75 0
64 76 0
64 77 0
64 78 0
64 79 0
64 80 1
64 81 1
64 82 0
64 83 1
64 84 0
64 85 0
64 86 0
64 87 0
64 88 0
64 89 0
64 90 1
64 91 1
64 92 0
64 93 1
64 94 0
64 95 0
64 96 0
64 97 0
64 98 0
64 99 0
64 100 0
65 0 0
65 1 1
65 2 1
65 3 1
65 4 1
65 5 0
65 6 0
65 7 0
65 8 1
65 9 1
65 10 0
65 11 1
65 12 0
65 13 1
65 14 0
65 15 0
65 16 1
65 17 1
65 18 0
65 19 0
65 20 0
65 21 0
65 22 1
65 23 1
65 24 0
65 25 0
65 26 1
65 27 1
65 28 0
65 29 0
65 30 1
65 31 0
65 32 0
65 33 0
65 34 1
65 35 1
65 36 0
65 37 0
65 38 0
65 39 1
65 40 0
65 41 1
65 42 0
65 43 0
65 44 0
65 45 1
65 46 0
65 47 1
65 48 0
65 49 1
65 50 0
65 51 0
65 52 0
65 53 0
65 54 1
65 55 1
65 56 1
65 57 0
65 58 0
65 59 1
65 60 0
65 61 0
65 62 0
65 63 0
65 64 1
65 65 0
65 66 0
65 67 1
65 68 0
65 69 0
65 70 1
65 71 1
65 72 1
65 73 1
65 74 0
65 75 1
65 76 1
65 77 1
65 78 1
65 79 1
65 80 0
65 81 1
65 82 1
65 83 0
65 84 0
65 85 0
65 86 0
65 87 0
65 88 0
65 89 1
65 90 1
65 91 0
65 92 0
65 93 0
65 94 1
65 95 1
65 96 0
65 97 0
65 98 1
65 99 0
65 100 1
66 0 0
66 1 0
66 2 0
66 3 1
66 4 0
66 5 0
66 6 0
66 7 1
66 8 1
66 9 1
66 10 1
66 11 1
66 12 0
66 13 0
66 14 1
66 15 0
66 16 0
66 17 1
66 18 1
66 19 0
66 20 0
66 21 0
66 22 1
66 23 0
66 24 1
66 25 0
66 26 0
66 27 0
66 28 1
66 29 0
66 30 0
66 31 0
66 32 1
66 33 1
66 34 0
66 35 1
66 36 0
66 37 0
66 38 0
66 39 1
66 40 0
66 41 0
66 42 1
66 43 1
66 44 0
66 45 0
66 46 0
66 47 1
66 48 0
66 49 1
66 50 1
66 51 0
66 52 1
66 53 1
66 54 0
66 55 1
66 56 0
66 57 0
66 58 0
66 59 0
66 60 0
66 61 0
66 62 0
66 63 0
66 64 0
66 65 1
66 66 0
66 67 0
66 68 0
66 69 1
66 70 1
66 71 1
66 72 0
66 73 1
66 74 1
66 75 0
66 76 1
66 77 0
66 78 0
66 79 0
66 80 0
66 81 1
66 82 0
66 83 0
66 84 0
66 85 0
66 86 1
66 87 1
66 88 1
66 89 1
66 90 0
66 91 0
66 92 0
66 93 1
66 94 1
66 95 0
66 96 0
66 97 1
66 98 1
66 99 0
66 100 0
67 0 0
67 1 1
67 2 1
67 3 0
67 4 1
67 5 0
67 6 0
67 7 1
67 8 1
67 9 0
67 10 0
67 11 0
67 12 1
67 13 0
67 14 1
67 15 0
67 16 1
67 17 0
67 18 0
67 19 1
67 20 0
67 21 1
67 22 0
67 23 1
67 24 0
67 25 0
67 26 0
67 27 1
67 28 0
67 29 0
67 30 1
67 31 1
67 32 0
67 33 0
67 34 0
67 35 0
67 36 0
67 37 1
67 38 1
67 39 1
67 40 0
67 41 1
67 42 0
67 43 0
67 44 0
67 45 0
67 46 1
67 47 0
67 48 0
67 49 0
67 50 1
67 51 0
67 52 0
67 53 0
67 54 1
67 55 0
67 56 0
67 57 1
67 58 0
67 59 0
67 60 1
67 61 1
67 62 0
67 63 1
67 64 0
67 65 0
67 66 0
67 67 0
67 68 1
67 69 0
67 70 0
67 71 0
67 72 0
67 73 0
67 74 1
67 75 0
67 76 0
67 77 0
67 78 0
67 79 0
67 80 0
67 81 0
67 82 0
67 83 0
67 84 0
67 85 1
67 86 0
67 87 1
67 88 1
67 89 0
67 90 0
67 91 0
67 92 0
67 93 0
67 94 0
67 95 1
67 96 1
67 97 0
67 98 0
67 99 0
67 100 0
68 0 0
68 1 0
68 2 0
68 3 0
68 4 0
68 5 0
68 6 1
68 7 0
68 8 0
68 9 0
68 10 0
68 11 1
68 12 0
68 13 0
68 14 0
68 15 0
68 16 0
68 17 1
68 18 0
68 19 0
68 20 1
68 21 0
68 22 1
68 23 1
68 24 1
68 25 0
68 26 0
68 27 0
68 28 1
68 29 0
68 30 1
68 31 0
68 32 0
68 33 0
68 34 0
68 35 0
68 36 1
68 37 1
68 38 1
68 39 1
68 40 1
68 41 0
68 42 0
68 43 0
68 44 0
68 45 0
68 46 0
68 47 0
68 48 0
68 49 0
68 50 0
68 51 0
68 52 0
68 53 0
68 54 0
68 55 0
68 56 1
68 57 1
68 58 1
68 59 0
68 60 0
68 61 1
68 62 0
68 63 1
68 64 0
68 65 0
68 66 0
68 67 0
68 68 0
68 69 0
68 70 0
68 71 1
68 72 1
68 73 1
68 74 0
68 75 1
68 76 0
68 77 0
68 78 0
68 79 1
68 80 0
68 81 0
68 82 0
68 83 0
68 84 0
68 85 0
68 86 0
68 87 0
68 88 0
68 89 0
68 90 1
68 91 0
68 92 0
68 93 0
68 94 1
68 95 0
68 96 1
68 97 0
68 98 0
68 99 0
68 100 0
69 0 0
69 1 1
69 2 0
69 3 0
69 4 1
69 5 1
69 6 1
69 7 0
69 8 0
69 9 0
69 10 0
69 11 0
69 12 0
69 13 0
69 14 0
69 15 1
69 16 0
69 17 1
69 18 1
69 19 1
69 20 0
69 21 0
69 22 0
69 23 1
69 24 1
69 25 0
69 26 1
69 27 1
69 28 0
69 29 1
69 30 0
69 31 1
69 32 1
69 33 0
69 34 0
69 35 1
69 36 0
69 37 1
69 38 1
69 39 0
69 40 1
69 41 1
69 42 0
69 43 0
69 44 0
69 45 0
69 46 1
69 47 0
69 48 0
69 49 0
69 50 1
69 51 0
69 52 0
69 53 0
69 54 0
69 55 0
69 56 0
69 57 0
69 58 1
69 59 1
69 60 1
69 61 0
69 62 1
69 63 1
69 64 0
69 65 0
69 66 0
69 67 0
69 68 0
69 69 0
69 70 0
69 71 1
69 72 0
69 73 0
69 74 0
69 75 0
69 76 0
69 77 0
69 78 0
69 79 1
69 80 1
69 81 1
69 82 0
69 83 1
69 84 1
69 85 0
69 86 1
69 87 1
69 88 0
69 89 1
69 90 1
69 91 0
69 92 1
69 93 0
69 94 1
69 95 1
69 96 1
69 97 0
69 98 0
69 99 1
69 100 0
70 0 0
70 1 0
70 2 1
70 3 1
70 4 0
70 5 1
70 6 0
70 7 1
70 8 1
70 9 0
70 10 0
70 11 1
70 12 1
70 13 1
70 14 1
70 15 0
70 16 1
70 17 0
70 18 0
70 19 1
70 20 0
70 21 1
70 22 1
70 23 0
70 24 1
70 25 0
70 26 1
70 27 1
70 28 1
70 29 0
70 30 0
70 31 0
70 32 1
70 33 0
70 34 0
70 35 1
70 36 0
70 37 0
70 38 1
70 39 1
70 40 0
70 41 0
70 42 0
70 43 1
70 44 0
70 45 0
70 46 0
70 47 0
70 48 0
70 49 1
70 50 0
70 51 0
70 52 0
70 53 0
70 54 0
70 55 0
70 56 1
70 57 1
70 58 0
70 59 0
70 60 1
70 61 0
70 62 0
70 63 0
70 64 0
70 65 0
70 66 0
70 67 0
70 68 1
70 69 0
70 70 1
70 71 0
70 72 0
70 73 1
70 74 0
70 75 1
70 76 0
70 77 0
70 78 1
70 79 1
70 80 1
70 81 0
70 82 0
70 83 0
70 84 1
70 85 0
70 86 0
70 87 0
70 88 0
70 89 0
70 90 1
70 91 1
70 92 1
70 93 1
70 94 1
70 95 1
70 96 0
70 97 0
70 98 0
70 99 0
70 100 1
71 0 1
71 1 0
71 2 0
71 3 0
71 4 0
71 5 0
71 6 1
71 7 0
71 8 1
71 9 0
71 10 0
71 11 0
71 12 0
71 13 1
71 14 0
71 15 0
71 16 1
71 17 1
71 18 0
71 19 0
71 20 1
71 21 0
71 22 1
71 23 0
71 24 0
71 25 0
71 26 1
71 27 1
71 28 0
71 29 1
71 30 1
71 31 0
71 32 1
71 33 1
71 34 0
71 35 1
71 36 0
71 37 0
71 38 1
71 39 0
71 40 1
71 41 0
71 42 1
71 43 0
71 44 1
71 45 0
71 46 0
71 47 1
71 48 0
71 49 0
71 50 1
71 51 0
71 52 0
71 53 0
71 54 0
71 55 1
71 56 0
71 57 0
71 58 1
71 59 1
71 60 0
71 61 0
71 62 1
71 63 1
71 64 1
71 65 0
71 66 1
71 67 0
71 68 1
71 69 0
71 70 0
71 71 1
71 72 0
71 73 0
71 74 0
71 75 0
71 76 0
71 77 1
71 78 1
71 79 0
71 80 0
71 81 1
71 82 0
71 83 0
71 84 0
71 85 0
71 86 0
71 87 0
71 88 0
71 89 1
71 90 1
71 91 0
71 92 0
71 93 1
71 94 1
71 95 1
71 96 0
71 97 1
71 98 0
71 99 1
71 100 0
72 0 0
72 1 0
72 2 1
72 3 1
72 4 0
72 5 1
72 6 1
72 7 1
72 8 0
72 9 0
72 10 0
72 11 1
72 12 0
72 13 0
72 14 0
72 15 0
72 16 0
72 17 0
72 18 0
72 19 0
72 20 1
72 21 0
72 22 0
72 23 1
72 24 1
72 25 0
72 26 0
72 27 0
72 28 0
72 29 0
72 30 0
72 31 1
72 32 0
72 33 1
72 34 1
72 35 0
72 36 0
72 37 0
72 38 0
72 39 0
72 40 0
72 41 1
72 42 1
72 43 1
72 44 0
72 45 0
72 46 0
72 47 1
72 48 1
72 49 0
72 50 1
72 51 1
72 52 0
72 53 1
72 54 1
72 55 0
72 56 0
72 57 0
72 58 0
72 59 0
72 60 0
72 61 0
72 62 0
72 63 0
72 64 0
72 65 0
72 66 1
72 67 1
72 68 1
72 69 0
72 70 1
72 71 0
72 72 0
72 73 1
72 74 0
72 75 1
72 76 1
72 77 1
72 78 1
72 79 0
72 80 1
72 81 0
72 82 0
72 83 1
72 84 0
72 85 1
72 86 1
72 87 0
72 88 0
72 89 0
72 90 1
72 91 0
72 92 0
72 93 0
72 94 0
72 95 0
72 96 1
72 97 1
72 98 0
72 99 0
72 100 0
73 0 0
73 1 0
73 2 1
73 3 1
73 4 0
73 5 1
73 6 0
73 7 1
73 8 1
73 9 1
73 10 0
73 11 1
73 12 1
73 13 1
73 14 1
73 15 0
73 16 1
73 17 1
73 18 1
73 19 0
73 20 0
73 21 0
73 22 1
73 23 1
73 24 1
73 25 0
73 26 1
73 27 1
73 28 0
73 29 0
73 30 1
73 31 0
73 32 0
73 33 0
73 34 1
73 35 0
73 36 0
73 37 1
73 38 0
73 39 0
73 40 1
73 41 1
73 42 0
73 43 0
73 44 0
73 45 1
73 46 0
73 47 1
73 48 0
73 49 1
73 50 0
73 51 1
73 52 0
73 53 0
73 54 0
73 55 1
73 56 0
73 57 0
73 58 0
73 59 0
73 60 0
73 61 0
73 62 1
73 63 1
73 64 0
73 65 1
73 66 0
73 67 0
73 68 1
73 69 0
73 70 0
73 71 0
73 72 1
73 73 1
73 74 1
73 75 0
73 76 0
73 77 1
73 78 0
73 79 0
73 80 0
73 81 0
73 82 1
73 83 0
73 84 1
73 85 1
73 86 1
73 87 0
73 88 1
73 89 0
73 90 1
73 91 0
73 92 1
73 93 0
73 94 0
73 95 1
73 96 1
73 97 0
73 98 0
73 99 0
73 100 0
74 0 1
74 1 0
74 2 0
74 3 0
74 4 1
74 5 1
74 6 0
74 7 1
74 8 0
74 9 0
74 10 0
74 11 1
74 12 0
74 13 1
74 14 0
74 15 0
74 16 1
74 17 1
74 18 1
74 19 0
74 20 0
74 21 0
74 22 0
74 23 0
74 24 0
74 25 1
74 26 1
74 27 1
74 28 0
74 29 1
74 30 0
74 31 0
74 32 0
74 33 0
74 34 1
74 35 0
74 36 1
74 37 0
74 38 1
74 39 1
74 40 0
74 41 0
74 42 0
74 43 0
74 44 0
74 45 0
74 46 1
74 47 0
74 48 1
74 49 1
74 50 1
74 51 1
74 52 0
74 53 0
74 54 0
74 55 0
74 56 1
74 57 0
74 58 1
74 59 0
74 60 1
74 61 0
74 62 0
74 63 0
74 64 0
74 65 0
74 66 0
74 67 1
74 68 0
74 69 1
74 70 0
74 71 1
74 72 0
74 73 0
74 74 1
74 75 0
74 76 0
74 77 0
74 78 0
74 79 0
74 80 0
74 81 0
74 82 1
74 83 0
74 84 0
74 85 0
74 86 1
74 87 0
74 88 0
74 89 0
74 90 1
74 91 0
74 92 0
74 93 1
74 94 0
74 95 1
74 96 0
74 97 0
74 98 1
74 99 1
74 100 0
75 0 1
75 1 1
75 2 0
75 3 1
75 4 0
75 5 0
75 6 0
75 7 0
75 8 0
75 9 1
75 10 0
75 11 0
75 12 0
75 13 1
75 14 1
75 15 0
75 16 0
75 17 1
75 18 0
75 19 1
75 20 1
75 21 1
75 22 0
75 23 0
75 24 0
75 25 0
75 26 0
75 27 1
75 28 0
75 29 1
75 30 1
75 31 0
75 32 1
75 33 1
75 34 1
75 35 1
75 36 1
75 37 0
75 38 1
75 39 0
75 40 1
75 41 1
75 42 0
75 43 0
75 44 1
75 45 1
75 46 1
75 47 1
75 48 0
75 49 1
75 50 1
75 51 0
75 52 0
75 53 0
75 54 0
75 55 0
75 56 1
75 57 1
75 58 1
75 59 0
75 60 0
75 61 1
75 62 0
75 63 0
75 64 0
75 65 0
75 66 0
75 67 0
75 68 0
75 69 1
75 70 0
75 71 0
75 72 0
75 73 0
75 74 0
75 75 0
75 76 0
75 77 0
75 78 0
75 79 1
75 80 1
75 81 0
75 82 0
75 83 0
75 84 0
75 85 1
75 86 1
75 87 0
75 88 1
75 89 0
75 90 0
75 91 1
75 92 1
75 93 0
75 94 0
75 95 0
75 96 0
75 97 0
75 98 1
75 99 0
75 100 0
76 0 1
76 1 1
76 2 1
76 3 0
76 4 0
76 5 0
76 6 0
76 7 0
76 8 0
76 9 0
76 10 1
76 11 0
76 12 1
76 13 1
76 14 1
76 15 0
76 16 0
76 17 0
76 18 0
76 19 0
76 20 0
76 21 0
76 22 0
76 23 1
76 24 0
76 25 0
76 26 0
76 27 1
76 28 1
76 29 0
76 30 0
76 31 1
76 32 0
76 33 1
76 34 1
76 35 1
76 36 0
76 37 0
76 38 0
76 39 0
76 40 1
76 41 0
76 42 0
76 43 1
76 44 1
76 45 1
76 46 0
76 47 0
76 48 1
76 49 0
76 50 0
76 51 0
76 52 1
76 53 0
76 54 0
76 55 0
76 56 1
76 57 0
76 58 0
76 59 0
76 60 1
76 61 1
76 62 1
76 63 0
76 64 1
76 65 1
76 66 1
76 67 1
76 68 0
76 69 0
76 70 1
76 71 0
76 72 0
76 73 0
76 74 0
76 75 1
76 76 0
76 77 0
76 78 1
76 79 0
76 80 0
76 81 0
76 82 0
76 83 0
76 84 0
76 85 1
76 86 1
76 87 0
76 88 0
76 89 1
76 90 0
76 91 1
76 92 0
76 93 1
76 94 0
76 95 0
76 96 0
76 97 1
76 98 0
76 99 0
76 100 0
77 0 1
77 1 1
77 2 0
77 3 0
77 4 0
77 5 0
77 6 0
77 7 1
77 8 0
77 9 0
77 10 0
77 11 0
77 12 1
77 13 0
77 14 0
77 15 0
77 16 0
77 17 0
77 18 0
77 19 0
77 20 1
77 21 1
77 22 0
77 23 0
77 24 0
77 25 0
77 26 1
77 27 1
77 28 0
77 29 0
77 30 0
77 31 0
77 32 1
77 33 0
77 34 0
77 35 0
77 36 1
77 37 0
77 38 0
77 39 0
77 40 1
77 41 0
77 42 0
77 43 1
77 44 1
77 45 0
77 46 1
77 47 1
77 48 0
77 49 0
77 50 1
77 51 0
77 52 0
77 53 0
77 54 1
77 55 1
77 56 0
77 57 0
77 58 0
77 59 1
77 60 0
77 61 1
77 62 1
77 63 0
77 64 1
77 65 1
77 66 1
77 67 0
77 68 1
77 69 1
77 70 0
77 71 1
77 72 0
77 73 0
77 74 1
77 75 1
77 76 1
77 77 0
77 78 0
77 79 0
77 80 1
77 81 1
77 82 0
77 83 0
77 84 0
77 85 1
77 86 0
77 87 1
77 88 0
77 89 0
77 90 0
77 91 0
77 92 1
77 93 0
77 94 0
77 95 0
77 96 1
77 97 1
77 98 1
77 99 0
77 100 0
78 0 0
78 1 0
78 2 0
78 3 0
78 4 0
78 5 0
78 6 1
78 7 1
78 8 1
78 9 0
78 10 0
78 11 1
78 12 0
78 13 1
78 14 1
78 15 1
78 16 1
78 17 1
78 18 0
78 19 1
78 20 0
78 21 0
78 22 0
78 23 0
78 24 0
78 25 0
78 26 0
78 27 0
78 28 0
78 29 0
78 30 1
78 31 0
78 32 0
78 33 1
78 34 0
78 35 0
78 36 1
78 37 1
78 38 0
78 39 0
78 40 0
78 41 0
78 42 0
78 43 0
78 44 0
78 45 0
78 46 1
78 47 0
78 48 0
78 49 0
78 50 0
78 51 1
78 52 1
78 53 0
78 54 0
78 55 0
78 56 0
78 57 1
78 58 1
78 59 0
78 60 1
78 61 0
78 62 0
78 63 1
78 64 1
78 65 0
78 66 0
78 67 0
78 68 0
78 69 0
78 70 0
78 71 1
78 72 0
78 73 0
78 74 1
78 75 1
78 76 0
78 77 0
78 78 1
78 79 1
78 80 1
78 81 1
78 82 0
78 83 1
78 84 0
78 85 1
78 86 0
78 87 0
78 88 0
78 89 1
78 90 0
78 91 0
78 92 0
78 93 0
78 94 0
78 95 0
78 96 1
78 97 0
78 98 0
78 99 0
78 100 0
79 0 0
79 1 0
79 2 1
79 3 0
79 4 0
79 5 1
79 6 1
79 7 0
79 8 1
79 9 0
79 10 0
79 11 1
79 12 0
79 13 1
79 14 0
79 15 0
79 16 0
79 17 0
79 18 0
79 19 0
79 20 0
79 21 0
79 22 0
79 23 1
79 24 0
79 25 0
79 26 0
79 27 0
79 28 1
79 29 0
79 30 0
79 31 0
79 32 1
79 33 0
79 34 1
79 35 1
79 36 0
79 37 0
79 38 1
79 39 1
79 40 1
79 41 0
79 42 0
79 43 0
79 44 0
79 45 0
79 46 0
79 47 1
79 48 1
79 49 0
79 50 1
79 51 1
79 52 0
79 53 0
79 54 1
79 55 0
79 56 0
79 57 0
79 58 1
79 59 1
79 60 0
79 61 1
79 62 0
79 63 0
79 64 0
79 65 0
79 66 0
79 67 0
79 68 1
79 69 0
79 70 0
79 71 0
79 72 1
79 73 0
79 74 1
79 75 0
79 76 0
79 77 1
79 78 0
79 79 0
79 80 0
79 81 0
79 82 0
79 83 1
79 84 1
79 85 1
79 86 0
79 87 1
79 88 1
79 89 0
79 90 0
79 91 1
79 92 0
79 93 0
79 94 1
79 95 0
79 96 0
79 97 1
79 98 0
79 99 0
79 100 0
80 0 1
80 1 0
80 2 0
80 3 0
80 4 1
80 5 0
80 6 0
80 7 0
80 8 0
80 9 0
80 10 0
80 11 0
80 12 0
80 13 0
80 14 1
80 15 1
80 16 1
80 17 1
80 18 1
80 19 1
80 20 1
80 21 0
80 22 0
80 23 1
80 24 0
80 25 0
80 26 1
80 27 1
80 28 0
80 29 0
80 30 0
80 31 1
80 32 1
80 33 1
80 34 1
80 35 1
80 36 0
80 37 1
80 38 1
80 39 0
80 40 0
80 41 1
80 42 1
80 43 0
80 44 1
80 45 0
80 46 1
80 47 0
80 48 0
80 49 0
80 50 0
80 51 0
80 52 1
80 53 0
80 54 0
80 55 0
80 56 0
80 57 1
80 58 0
80 59 1
80 60 1
80 61 1
80 62 0
80 63 0
80 64 0
80 65 1
80 66 1
80 67 0
80 68 1
80 69 0
80 70 1
80 71 0
80 72 0
80 73 0
80 74 0
80 75 0
80 76 0
80 77 1
80 78 1
80 79 0
80 80 0
80 81 1
80 82 0
80 83 0
80 84 1
80 85 0
80 86 0
80 87 0
80 88 0
80 89 0
80 90 0
80 91 1
80 92 1
80 93 1
80 94 1
80 95 1
80 96 0
80 97 1
80 98 1
80 99 1
80 100 0
81 0 1
81 1 0
81 2 1
81 3 1
81 4 0
81 5 1
81 6 1
81 7 0
81 8 1
81 9 0
81 10 0
81 11 0
81 12 1
81 13 1
81 14 0
81 15 0
81 16 0
81 17 1
81 18 0
81 19 0
81 20 0
81 21 1
81 22 0
81 23 0
81 24 1
81 25 1
81 26 1
81 27 0
81 28 0
81 29 1
81 30 0
81 31 0
81 32 0
81 33 0
81 34 0
81 35 1
81 36 0
81 37 0
81 38 1
81 39 0
81 40 0
81 41 1
81 42 0
81 43 0
81 44 0
81 45 0
81 46 1
81 47 1
81 48 1
81 49 0
81 50 0
81 51 0
81 52 0
81 53 0
81 54 1
81 55 0
81 56 1
81 57 1
81 58 1
81 59 1
81 60 0
81 61 1
81 62 0
81 63 0
81 64 0
81 65 0
81 66 1
81 67 0
81 68 1
81 69 1
81 70 0
81 71 0
81 72 1
81 73 0
81 74 1
81 75 1
81 76 0
81 77 1
81 78 1
81 79 1
81 80 1
81 81 0
81 82 0
81 83 0
81 84 1
81 85 1
81 86 0
81 87 1
81 88 0
81 89 0
81 90 1
81 91 0
81 92 0
81 93 0
81 94 1
81 95 0
81 96 0
81 97 0
81 98 0
81 99 1
81 100 0
82 0 1
82 1 0
82 2 0
82 3 0
82 4 0
82 5 0
82 6 0
82 7 1
82 8 0
82 9 1
82 10 0
82 11 1
82 12 0
82 13 0
82 14 1
82 15 0
82 16 0
82 17 0
82 18 0
82 19 0
82 20 0
82 21 1
82 22 1
82 23 1
82 24 0
82 25 0
82 26 0
82 27 1
82 28 0
82 29 0
82 30 0
82 31 0
82 32 1
82 33 1
82 34 1
82 35 1
82 36 1
82 37 0
82 38 0
82 39 0
82 40 1
82 41 0
82 42 0
82 43 1
82 44 0
82 45 1
82 46 0
82 47 0
82 48 0
82 49 0
82 50 1
82 51 1
82 52 0
82 53 0
82 54 0
82 55 1
82 56 1
82 57 1
82 58 1
82 59 1
82 60 0
82 61 0
82 62 1
82 63 1
82 64 0
82 65 0
82 66 1
82 67 0
82 68 1
82 69 1
82 70 0
82 71 0
82 72 0
82 73 1
82 74 1
82 75 0
82 76 0
82 77 0
82 78 0
82 79 0
82 80 1
82 81 1
82 82 0
82 83 0
82 84 0
82 85 1
82 86 0
82 87 0
82 88 1
82 89 0
82 90 0
82 91 0
82 92 0
82 93 0
82 94 0
82 95 0
82 96 1
82 97 1
82 98 0
82 99 1
82 100 0
83 0 1
83 1 0
83 2 0
83 3 1
83 4 1
83 5 1
83 6 0
83 7 1
83 8 1
83 9 1
83 10 1
83 11 0
83 12 0
83 13 0
83 14 0
83 15 1
83 16 0
83 17 0
83 18 0
83 19 0
83 20 1
83 21 1
83 22 0
83 23 0
83 24 0
83 25 1
83 26 0
83 27 0
83 28 0
83 29 0
83 30 0
83 31 1
83 32 1
83 33 1
83 34 0
83 35 1
83 36 0
83 37 0
83 38 1
83 39 0
83 40 1
83 41 1
83 42 1
83 43 0
83 44 1
83 45 0
83 46 0
83 47 0
83 48 0
83 49 0
83 50 0
83 51 0
83 52 0
83 53 1
83 54 0
83 55 1
83 56 1
83 57 0
83 58 0
83 59 0
83 60 0
83 61 1
83 62 0
83 63 0
83 64 1
83 65 0
83 66 0
83 67 1
83 68 0
83 69 0
83 70 1
83 71 1
83 72 0
83 73 0
83 74 0
83 75 1
83 76 1
83 77 0
83 78 1
83 79 0
83 80 1
83 81 0
83 82 0
83 83 0
83 84 0
83 85 1
83 86 1
83 87 1
83 88 0
83 89 0
83 90 0
83 91 1
83 92 1
83 93 1
83 94 0
83 95 1
83 96 0
83 97 1
83 98 0
83 99 0
83 100 0
84 0 0
84 1 1
84 2 1
84 3 0
84 4 0
84 5 0
84 6 0
84 7 0
84 8 0
84 9 0
84 10 0
84 11 0
84 12 1
84 13 0
84 14 0
84 15 0
84 16 0
84 17 1
84 18 1
84 19 0
84 20 1
84 21 0
84 22 0
84 23 1
84 24 0
84 25 0
84 26 0
84 27 1
84 28 0
84 29 1
84 30 1
84 31 0
84 32 0
84 33 0
84 34 0
84 35 0
84 36 1
84 37 0
84 38 0
84 39 1
84 40 1
84 41 1
84 42 1
84 43 0
84 44 0
84 45 1
84 46 1
84 47 0
84 48 0
84 49 0
84 50 0
84 51 1
84 52 1
84 53 0
84 54 0
84 55 0
84 56 0
84 57 0
84 58 1
84 59 1
84 60 0
84 61 1
84 62 0
84 63 0
84 64 1
84 65 0
84 66 1
84 67 0
84 68 0
84 69 0
84 70 1
84 71 1
84 72 1
84 73 1
84 74 0
84 75 0
84 76 0
84 77 0
84 78 0
84 79 1
84 80 0
84 81 0
84 82 0
84 83 1
84 84 1
84 85 0
84 86 0
84 87 0
84 88 0
84 89 0
84 90 0
84 91 1
84 92 0
84 93 1
84 94 0
84 95 0
84 96 0
84 97 0
84 98 0
84 99 1
84 100 0
85 0 0
85 1 0
85 2 0
85 3 0
85 4 0
85 5 1
85 6 0
85 7 0
85 8 0
85 9 0
85 10 0
85 11 0
85 12 1
85 13 0
85 14 1
85 15 1
85 16 1
85 17 0
85 18 0
85 19 1
85 20 0
85 21 0
85 22 0
85 23 0
85 24 0
85 25 1
85 26 0
85 27 1
85 28 0
85 29 0
85 30 0
85 31 1
85 32 1
85 33 0
85 34 1
85 35 0
85 36 0
85 37 0
85 38 1
85 39 0
85 40 1
85 41 1
85 42 0
85 43 0
85 44 0
85 45 0
85 46 0
85 47 1
85 48 1
85 49 1
85 50 1
85 51 1
85 52 0
85 53 0
85 54 1
85 55 0
85 56 0
85 57 0
85 58 1
85 59 1
85 60 1
85 61 0
85 62 0
85 63 0
85 64 1
85 65 1
85 66 0
85 67 1
85 68 0
85 69 0
85 70 0
85 71 1
85 72 0
85 73 0
85 74 1
85 75 0
85 76 0
85 77 0
85 78 0
85 79 0
85 80 1
85 81 0
85 82 1
85 83 1
85 84 1
85 85 0
85 86 1
85 87 0
85 88 0
85 89 0
85 90 1
85 91 0
85 92 0
85 93 1
85 94 0
85 95 1
85 96 0
85 97 0
85 98 0
85 99 0
85 100 0
86 0 0
86 1 0
86 2 0
86 3 1
86 4 0
86 5 0
86 6 1
86 7 0
86 8 1
86 9 1
86 10 0
86 11 1
86 12 1
86 13 1
86 14 1
86 15 1
86 16 1
86 17 0
86 18 0
86 19 0
86 20 1
86 21 0
86 22 1
86 23 1
86 24 0
86 25 0
86 26 0
86 27 0
86 28 0
86 29 1
86 30 1
86 31 1
86 32 1
86 33 0
86 34 0
86 35 0
86 36 1
86 37 1
86 38 0
86 39 0
86 40 1
86 41 1
86 42 0
86 43 1
86 44 0
86 45 1
86 46 0
86 47 1
86 48 0
86 49 0
86 50 0
86 51 0
86 52 0
86 53 0
86 54 1
86 55 0
86 56 0
86 57 0
86 58 0
86 59 0
86 60 1
86 61 1
86 62 0
86 63 1
86 64 1
86 65 0
86 66 1
86 67 0
86 68 0
86 69 1
86 70 0
86 71 0
86 72 1
86 73 0
86 74 1
86 75 0
86 76 0
86 77 0
86 78 1
86 79 1
86 80 1
86 81 0
86 82 1
86 83 1
86 84 0
86 85 0
86 86 0
86 87 0
86 88 1
86 89 0
86 90 0
86 91 1
86 92 1
86 93 1
86 94 0
86 95 1
86 96 1
86 97 0
86 98 1
86 99 1
86 100 0
87 0 0
87 1 1
87 2 0
87 3 0
87 4 0
87 5 0
87 6 1
87 7 0
87 8 0
87 9 0
87 10 0
87 11 0
87 12 0
87 13 1
87 14 0
87 15 1
87 16 1
87 17 0
87 18 0
87 19 0
87 20 0
87 21 1
87 22 1
87 23 1
87 24 1
87 25 0
87 26 1
87 27 0
87 28 0
87 29 0
87 30 0
87 31 0
87 32 0
87 33 1
87 34 1
87 35 0
87 36 0
87 37 1
87 38 1
87 39 0
87 40 0
87 41 0
87 42 0
87 43 0
87 44 1
87 45 0
87 46 0
87 47 0
87 48 0
87 49 0
87 50 1
87 51 1
87 52 0
87 53 0
87 54 0
87 55 0
87 56 1
87 57 0
87 58 0
87 59 0
87 60 0
87 61 1
87 62 1
87 63 0
87 64 0
87 65 0
87 66 0
87 67 1
87 68 0
87 69 0
87 70 0
87 71 0
87 72 0
87 73 1
87 74 0
87 75 0
87 76 1
87 77 1
87 78 1
87 79 0
87 80 0
87 81 0
87 82 0
87 83 0
87 84 1
87 85 0
87 86 0
87 87 0
87 88 1
87 89 1
87 90 0
87 91 0
87 92 0
87 93 0
87 94 0
87 95 0
87 96 0
87 97 0
87 98 1
87 99 0
87 100 1
88 0 1
88 1 0
88 2 0
88 3 0
88 4 0
88 5 1
88 6 0
88 7 1
88 8 1
88 9 0
88 10 1
88 11 1
88 12 0
88 13 0
88 14 0
88 15 0
88 16 0
88 17 0
88 18 0
88 19 0
88 20 1
88 21 1
88 22 1
88 23 0
88 24 1
88 25 0
88 26 0
88 27 1
88 28 0
88 29 0
88 30 0
88 31 1
88 32 1
88 33 1
88 34 0
88 35 1
88 36 0
88 37 0
88 38 0
88 39 0
88 40 0
88 41 0
88 42 0
88 43 1
88 44 0
88 45 0
88 46 0
88 47 1
88 48 0
88 49 1
88 50 0
88 51 0
88 52 0
88 53 1
88 54 1
88 55 0
88 56 0
88 57 0
88 58 0
88 59 0
88 60 1
88 61 0
88 62 0
88 63 0
88 64 0
88 65 0
88 66 1
88 67 0
88 68 0
88 69 1
88 70 1
88 71 0
88 72 0
88 73 0
88 74 1
88 75 0
88 76 1
88 77 0
88 78 1
88 79 1
88 80 0
88 81 0
88 82 0
88 83 0
88 84 0
88 85 1
88 86 0
88 87 1
88 88 1
88 89 1
88 90 0
88 91 0
88 92 1
88 93 1
88 94 0
88 95 1
88 96 1
88 97 0
88 98 1
88 99 1
88 100 0
89 0 1
89 1 0
89 2 1
89 3 0
89 4 1
89 5 1
89 6 0
89 7 0
89 8 1
89 9 0
89 10 0
89 11 1
89 12 1
89 13 0
89 14 1
89 15 0
89 16 0
89 17 0
89 18 1
89 19 0
89 20 1
89 21 1
89 22 1
89 23 0
89 24 1
89 25 1
89 26 1
89 27 0
89 28 0
89 29 1
89 30 1
89 31 1
89 32 0
89 33 0
89 34 1
89 35 1
89 36 0
89 37 0
89 38 1
89 39 1
89 40 0
89 41 1
89 42 1
89 43 0
89 44 0
89 45 0
89 46 0
89 47 0
89 48 0
89 49 1
89 50 0
89 51 1
89 52 1
89 53 0
89 54 1
89 55 1
89 56 0
89 57 1
89 58 0
89 59 0
89 60 1
89 61 0
89 62 1
89 63 1
89 64 1
89 65 1
89 66 0
89 67 0
89 68 0
89 69 0
89 70 0
89 71 1
89 72 1
89 73 0
89 74 1
89 75 0
89 76 0
89 77 1
89 78 0
89 79 1
89 80 1
89 81 0
89 82 1
89 83 0
89 84 0
89 85 1
89 86 0
89 87 0
89 88 0
89 89 1
89 90 0
89 91 0
89 92 0
89 93 1
89 94 0
89 95 0
89 96 1
89 97 1
89 98 0
89 99 0
89 100 0
90 0 0
90 1 0
90 2 1
90 3 0
90 4 0
90 5 0
90 6 1
90 7 1
90 8 0
90 9 1
90 10 0
90 11 0
90 12 0
90 13 1
90 14 0
90 15 1
90 16 0
90 17 0
90 18 0
90 19 0
90 20 0
90 21 1
90 22 0
90 23 1
90 24 0
90 25 0
90 26 0
90 27 0
90 28 1
90 29 1
90 30 1
90 31 0
90 32 0
90 33 0
90 34 0
90 35 0
90 36 0
90 37 1
90 38 1
90 39 0
90 40 1
90 41 0
90 42 0
90 43 0
90 44 1
90 45 0
90 46 0
90 47 1
90 48 0
90 49 1
90 50 0
90 51 0
90 52 0
90 53 0
90 54 1
90 55 0
90 56 0
90 57 0
90 58 1
90 59 0
90 60 0
90 61 1
90 62 0
90 63 0
90 64 1
90 65 0
90 66 1
90 67 0
90 68 1
90 69 0
90 70 0
90 71 1
90 72 1
90 73 0
90 74 0
90 75 0
90 76 0
90 77 1
90 78 1
90 79 0
90 80 0
90 81 0
90 82 0
90 83 1
90 84 0
90 85 0
90 86 1
90 87 1
90 88 0
90 89 0
90 90 1
90 91 1
90 92 0
90 93 1
90 94 1
90 95 0
90 96 0
90 97 0
90 98 0
90 99 0
90 100 0
91 0 0
91 1 0
91 2 0
91 3 1
91 4 1
91 5 0
91 6 1
91 7 0
91 8 0
91 9 1
91 10 1
91 11 0
91 12 0
91 13 0
91 14 0
91 15 1
91 16 0
91 17 0
91 18 0
91 19 0
91 20 0
91 21 0
91 22 1
91 23 0
91 24 1
91 25 1
91 26 1
91 27 0
91 28 1
91 29 0
91 30 1
91 31 1
91 32 0
91 33 0
91 34 0
91 35 1
91 36 0
91 37 1
91 38 1
91 39 1
91 40 0
91 41 1
91 42 1
91 43 0
91 44 0
91 45 1
91 46 1
91 47 0
91 48 1
91 49 0
91 50 0
91 51 1
91 52 1
91 53 0
91 54 0
91 55 0
91 56 0
91 57 0
91 58 0
91 59 0
91 60 1
91 61 0
91 62 0
91 63 0
91 64 0
91 65 1
91 66 0
91 67 0
91 68 1
91 69 1
91 70 1
91 71 1
91 72 0
91 73 0
91 74 1
91 75 0
91 76 0
91 77 1
91 78 0
91 79 1
91 80 0
91 81 1
91 82 0
91 83 0
91 84 1
91 85 0
91 86 0
91 87 1
91 88 0
91 89 0
91 90 1
91 91 0
91 92 1
91 93 0
91 94 0
91 95 0
91 96 0
91 97 1
91 98 0
91 99 0
91 100 1
92 0 0
92 1 1
92 2 1
92 3 1
92 4 0
92 5 1
92 6 0
92 7 0
92 8 0
92 9 0
92 10 0
92 11 1
92 12 0
92 13 1
92 14 0
92 15 0
92 16 0
92 17 0
92 18 1
92 19 0
92 20 1
92 21 0
92 22 0
92 23 1
92 24 1
92 25 0
92 26 0
92 27 0
92 28 0
92 29 1
92 30 0
92 31 0
92 32 0
92 33 1
92 34 1
92 35 1
92 36 1
92 37 0
92 38 0
92 39 0
92 40 0
92 41 0
92 42 0
92 43 0
92 44 0
92 45 1
92 46 1
92 47 0
92 48 0
92 49 1
92 50 1
92 51 1
92 52 0
92 53 0
92 54 0
92 55 0
92 56 0
92 57 1
92 58 0
92 59 0
92 60 1
92 61 0
92 62 0
92 63 0
92 64 0
92 65 0
92 66 1
92 67 0
92 68 1
92 69 0
92 70 1
92 71 1
92 72 0
92 73 0
92 74 0
92 75 0
92 76 1
92 77 0
92 78 0
92 79 1
92 80 0
92 81 0
92 82 0
92 83 1
92 84 0
92 85 0
92 86 0
92 87 0
92 88 0
92 89 0
92 90 1
92 91 0
92 92 0
92 93 1
92 94 1
92 95 0
92 96 0
92 97 0
92 98 0
92 99 1
92 100 0
93 0 1
93 1 0
93 2 0
93 3 0
93 4 0
93 5 0
93 6 1
93 7 0
93 8 0
93 9 0
93 10 1
93 11 1
93 12 1
93 13 0
93 14 1
93 15 0
93 16 0
93 17 0
93 18 1
93 19 0
93 20 1
93 21 0
93 22 1
93 23 0
93 24 1
93 25 0
93 26 0
93 27 0
93 28 0
93 29 1
93 30 0
93 31 1
93 32 1
93 33 1
93 34 0
93 35 0
93 36 0
93 37 1
93 38 1
93 39 1
93 40 0
93 41 0
93 42 0
93 43 1
93 44 1
93 45 1
93 46 0
93 47 0
93 48 0
93 49 0
93 50 0
93 51 0
93 52 0
93 53 0
93 54 0
93 55 1
93 56 0
93 57 0
93 58 0
93 59 0
93 60 0
93 61 0
93 62 1
93 63 1
93 64 1
93 65 1
93 66 1
93 67 1
93 68 0
93 69 1
93 70 0
93 71 1
93 72 0
93 73 1
93 74 0
93 75 0
93 76 1
93 77 1
93 78 1
93 79 1
93 80 0
93 81 1
93 82 0
93 83 0
93 84 0
93 85 0
93 86 0
93 87 0
93 88 1
93 89 0
93 90 0
93 91 0
93 92 0
93 93 0
93 94 0
93 95 0
93 96 0
93 97 0
93 98 1
93 99 0
93 100 0
94 0 0
94 1 1
94 2 1
94 3 0
94 4 1
94 5 0
94 6 0
94 7 1
94 8 0
94 9 1
94 10 0
94 11 0
94 12 0
94 13 0
94 14 1
94 15 0
94 16 0
94 17 1
94 18 1
94 19 1
94 20 1
94 21 0
94 22 1
94 23 0
94 24 1
94 25 1
94 26 1
94 27 1
94 28 0
94 29 1
94 30 1
94 31 1
94 32 0
94 33 0
94 34 0
94 35 0
94 36 0
94 37 0
94 38 0
94 39 0
94 40 0
94 41 1
94 42 1
94 43 0
94 44 0
94 45 0
94 46 0
94 47 0
94 48 0
94 49 0
94 50 1
94 51 0
94 52 0
94 53 1
94 54 1
94 55 1
94 56 1
94 57 1
94 58 1
94 59 0
94 60 1
94 61 1
94 62 0
94 63 0
94 64 1
94 65 0
94 66 0
94 67 0
94 68 0
94 69 0
94 70 0
94 71 0
94 72 1
94 73 1
94 74 0
94 75 1
94 76 1
94 77 1
94 78 0
94 79 0
94 80 0
94 81 0
94 82 1
94 83 0
94 84 0
94 85 0
94 86 1
94 87 0
94 88 0
94 89 0
94 90 0
94 91 1
94 92 1
94 93 1
94 94 0
94 95 1
94 96 0
94 97 1
94 98 1
94 99 1
94 100 0
95 0 0
95 1 0
95 2 0
95 3 1
95 4 1
95 5 1
95 6 0
95 7 0
95 8 0
95 9 1
95 10 0
95 11 0
95 12 0
95 13 1
95 14 0
95 15 0
95 16 0
95 17 1
95 18 1
95 19 0
95 20 1
95 21 1
95 22 1
95 23 0
95 24 0
95 25 1
95 26 0
95 27 0
95 28 0
95 29 1
95 30 0
95 31 0
95 32 0
95 33 0
95 34 0
95 35 0
95 36 1
95 37 1
95 38 0
95 39 0
95 40 1
95 41 0
95 42 0
95 43 1
95 44 1
95 45 0
95 46 1
95 47 0
95 48 0
95 49 0
95 50 1
95 51 0
95 52 0
95 53 0
95 54 0
95 55 0
95 56 1
95 57 0
95 58 1
95 59 1
95 60 1
95 61 0
95 62 0
95 63 1
95 64 1
95 65 0
95 66 1
95 67 0
95 68 1
95 69 1
95 70 0
95 71 0
95 72 1
95 73 0
95 74 0
95 75 0
95 76 0
95 77 0
95 78 0
95 79 1
95 80 0
95 81 1
95 82 1
95 83 1
95 84 1
95 85 0
95 86 0
95 87 0
95 88 0
95 89 0
95 90 0
95 91 0
95 92 0
95 93 1
95 94 0
95 95 1
95 96 0
95 97 0
95 98 0
95 99 0
95 100 0
96 0 1
96 1 0
96 2 0
96 3 0
96 4 0
96 5 1
96 6 1
96 7 0
96 8 1
96 9 0
96 10 0
96 11 0
96 12 0
96 13 0
96 14 0
96 15 0
96 16 1
96 17 0
96 18 1
96 19 1
96 20 0
96 21 0
96 22 0
96 23 1
96 24 1
96 25 0
96 26 0
96 27 1
96 28 0
96 29 0
96 30 0
96 31 1
96 32 0
96 33 0
96 34 0
96 35 0
96 36 1
96 37 0
96 38 1
96 39 1
96 40 0
96 41 0
96 42 1
96 43 0
96 44 0
96 45 1
96 46 0
96 47 0
96 48 1
96 49 0
96 50 1
96 51 0
96 52 0
96 53 0
96 54 0
96 55 0
96 56 1
96 57 0
96 58 1
96 59 1
96 60 0
96 61 0
96 62 0
96 63 1
96 64 0
96 65 0
96 66 1
96 67 1
96 68 0
96 69 0
96 70 1
96 71 1
96 72 0
96 73 1
96 74 0
96 75 0
96 76 0
96 77 0
96 78 0
96 79 0
96 80 0
96 81 0
96 82 1
96 83 0
96 84 0
96 85 0
96 86 0
96 87 0
96 88 1
96 89 0
96 90 0
96 91 1
96 92 0
96 93 1
96 94 1
96 95 0
96 96 0
96 97 1
96 98 1
96 99 0
96 100 0
97 0 0
97 1 0
97 2 0
97 3 1
97 4 0
97 5 0
97 6 0
97 7 1
97 8 0
97 9 0
97 10 1
97 11 1
97 12 1
97 13 1
97 14 1
97 15 0
97 16 0
97 17 1
97 18 0
97 19 0
97 20 0
97 21 1
97 22 0
97 23 0
97 24 0
97 25 1
97 26 0
97 27 1
97 28 0
97 29 1
97 30 0
97 31 0
97 32 0
97 33 0
97 34 1
97 35 1
97 36 1
97 37 0
97 38 1
97 39 0
97 40 0
97 41 0
97 42 0
97 43 1
97 44 0
97 45 1
97 46 0
97 47 1
97 48 1
97 49 1
97 50 0
97 51 1
97 52 0
97 53 0
97 54 1
97 55 0
97 56 1
97 57 0
97 58 1
97 59 1
97 60 0
97 61 0
97 62 0
97 63 0
97 64 0
97 65 1
97 66 0
97 67 1
97 68 0
97 69 1
97 70 1
97 71 0
97 72 1
97 73 0
97 74 1
97 75 1
97 76 0
97 77 0
97 78 0
97 79 1
97 80 1
97 81 0
97 82 0
97 83 0
97 84 0
97 85 0
97 86 1
97 87 0
97 88 1
97 89 0
97 90 1
97 91 1
97 92 0
97 93 1
97 94 0
97 95 0
97 96 0
97 97 1
97 98 0
97 99 0
97 100 0
98 0 1
98 1 1
98 2 1
98 3 0
98 4 0
98 5 0
98 6 1
98 7 0
98 8 1
98 9 1
98 10 0
98 11 1
98 12 1
98 13 1
98 14 0
98 15 0
98 16 0
98 17 1
98 18 1
98 19 0
98 20 0
98 21 1
98 22 0
98 23 1
98 24 1
98 25 0
98 26 1
98 27 1
98 28 0
98 29 0
98 30 0
98 31 0
98 32 0
98 33 1
98 34 1
98 35 0
98 36 0
98 37 0
98 38 0
98 39 0
98 40 0
98 41 0
98 42 0
98 43 0
98 44 0
98 45 1
98 46 1
98 47 0
98 48 0
98 49 0
98 50 1
98 51 1
98 52 1
98 53 0
98 54 1
98 55 0
98 56 1
98 57 0
98 58 1
98 59 1
98 60 1
98 61 0
98 62 0
98 63 1
98 64 0
98 65 1
98 66 0
98 67 1
98 68 0
98 69 0
98 70 0
98 71 1
98 72 0
98 73 1
98 74 1
98 75 0
98 76 0
98 77 1
98 78 1
98 79 0
98 80 0
98 81 0
98 82 0
98 83 0
98 84 0
98 85 1
98 86 0
98 87 1
98 88 1
98 89 1
98 90 0
98 91 0
98 92 0
98 93 0
98 94 0
98 95 1
98 96 1
98 97 1
98 98 0
98 99 0
98 100 1
99 0 1
99 1 1
99 2 1
99 3 0
99 4 1
99 5 0
99 6 1
99 7 0
99 8 0
99 9 0
99 10 1
99 11 1
99 12 1
99 13 0
99 14 0
99 15 1
99 16 1
99 17 0
99 18 1
99 19 0
99 20 1
99 21 0
99 22 1
99 23 1
99 24 0
99 25 0
99 26 1
99 27 0
99 28 1
99 29 0
99 30 1
99 31 0
99 32 1
99 33 0
99 34 0
99 35 0
99 36 1
99 37 0
99 38 0
99 39 0
99 40 1
99 41 0
99 42 0
99 43 1
99 44 0
99 45 1
99 46 0
99 47 0
99 48 0
99 49 0
99 50 1
99 51 1
99 52 1
99 53 1
99 54 1
99 55 0
99 56 0
99 57 0
99 58 0
99 59 0
99 60 1
99 61 0
99 62 1
99 63 0
99 64 1
99 65 1
99 66 0
99 67 1
99 68 0
99 69 0
99 70 0
99 71 0
99 72 1
99 73 0
99 74 0
99 75 0
99 76 1
99 77 1
99 78 0
99 79 0
99 80 0
99 81 0
99 82 0
99 83 1
99 84 1
99 85 1
99 86 0
99 87 1
99 88 1
99 89 1
99 90 0
99 91 0
99 92 0
99 93 0
99 94 0
99 95 0
99 96 0
99 97 0
99 98 1
99 99 0
99 100 0
100 0 1
100 1 0
100 2 0
100 3 0
100 4 0
100 5 0
100 6 0
100 7 1
100 8 1
100 9 1
100 10 0
100 11 1
100 12 0
100 13 0
100 14 1
100 15 0
100 16 1
100 17 1
100 18 0
100 19 0
100 20 1
100 21 0
100 22 0
100 23 0
100 24 0
100 25 0
100 26 1
100 27 1
100 28 1
100 29 1
100 30 1
100 31 0
100 32 0
100 33 0
100 34 0
100 35 0
100 36 0
100 37 0
100 38 0
100 39 0
100 40 1
100 41 1
100 42 1
100 43 0
100 44 1
100 45 1
100 46 1
100 47 1
100 48 0
100 49 0
100 50 0
100 51 0
100 52 0
100 53 1
100 54 1
100 55 1
100 56 0
100 57 1
100 58 0
100 59 0
100 60 1
100 61 0
100 62 0
100 63 1
100 64 0
100 65 0
100 66 1
100 67 1
100 68 0
100 69 0
100 70 0
100 71 1
100 72 1
100 73 1
100 74 1
100 75 0
100 76 1
100 77 0
100 78 1
100 79 1
100 80 0
100 81 0
100 82 0
100 83 0
100 84 1
100 85 1
100 86 1
100 87 1
100 88 0
100 89 1
100 90 0
100 91 1
100 92 1
100 93 0
100 94 0
100 95 1
100 96 1
100 97 1
100 98 0
100 99 0
100 100 1
