0 0 0
0 1 0
0 2 0
0 3 0
0 4 1
0 5 0
0 6 1
0 7 1
0 8 0
0 9 1
0 10 1
0 11 0
0 12 0
0 13 1
0 14 0
0 15 0
0 16 1
0 17 1
0 18 0
0 19 0
0 20 0
0 21 1
0 22 0
0 23 1
0 24 1
0 25 0
0 26 0
0 27 1
0 28 0
0 29 0
0 30 0
0 31 0
0 32 1
0 33 0
0 34 0
0 35 1
0 36 0
0 37 1
0 38 0
0 39 0
0 40 0
0 41 0
0 42 0
0 43 1
0 44 1
0 45 1
0 46 0
0 47 0
0 48 0
0 49 0
0 50 0
0 51 0
0 52 0
0 53 0
0 54 1
0 55 0
0 56 1
0 57 1
0 58 1
0 59 0
0 60 0
0 61 1
0 62 0
0 63 1
0 64 0
0 65 1
0 66 1
0 67 1
0 68 1
0 69 0
0 70 1
0 71 0
0 72 0
0 73 0
0 74 1
0 75 1
0 76 1
0 77 0
0 78 1
0 79 0
0 80 0
0 81 0
0 82 1
0 83 0
0 84 0
0 85 0
0 86 0
0 87 1
0 88 0
0 89 0
0 90 0
0 91 0
0 92 0
0 93 0
0 94 1
0 95 1
0 96 0
0 97 0
0 98 1
0 99 0
0 100 0
1 0 1
1 1 1
1 2 0
1 3 0
1 4 1
1 5 0
1 6 0
1 7 0
1 8 1
1 9 0
1 10 0
1 11 0
1 12 1
1 13 1
1 14 1
1 15 0
1 16 0
1 17 0
1 18 0
1 19 0
1 20 1
1 21 0
1 22 1
1 23 0
1 24 0
1 25 0
1 26 0
1 27 0
1 28 0
1 29 0
1 30 1
1 31 1
1 32 1
1 33 0
1 34 0
1 35 0
1 36 1
1 37 0
1 38 0
1 39 1
1 40 0
1 41 1
1 42 0
1 43 1
1 44 0
1 45 0
1 46 0
1 47 1
1 48 0
1 49 0
1 50 0
1 51 1
1 52 1
1 53 0
1 54 0
1 55 0
1 56 1
1 57 1
1 58 0
1 59 1
1 60 0
1 61 1
1 62 0
1 63 1
1 64 1
1 65 0
1 66 1
1 67 1
1 68 1
1 69 0
1 70 1
1 71 1
1 72 0
1 73 1
1 74 0
1 75 0
1 76 1
1 77 0
1 78 1
1 79 0
1 80 0
1 81 0
1 82 0
1 83 1
1 84 0
1 85 1
1 86 0
1 87 1
1 88 1
1 89 0
1 90 1
1 91 0
1 92 0
1 93 1
1 94 0
1 95 0
1 96 1
1 97 1
1 98 0
1 99 0
1 100 0
2 0 1
2 1 1
2 2 1
2 3 1
2 4 0
2 5 0
2 6 1
2 7 0
2 8 0
2 9 1
2 10 0
2 11 0
2 12 1
2 13 1
2 14 0
2 15 0
2 16 1
2 17 0
2 18 0
2 19 1
2 20 0
2 21 0
2 22 0
2 23 0
2 24 0
2 25 0
2 26 0
2 27 1
2 28 1
2 29 1
2 30 0
2 31 0
2 32 1
2 33 1
2 34 0
2 35 1
2 36 1
2 37 1
2 38 0
2 39 1
2 40 0
2 41 0
2 42 1
2 43 1
2 44 0
2 45 0
2 46 0
2 47 0
2 48 1
2 49 1
2 50 1
2 51 0
2 52 1
2 53 0
2 54 1
2 55 0
2 56 1
2 57 1
2 58 1
2 59 1
2 60 0
2 61 1
2 62 0
2 63 0
2 64 0
2 65 0
2 66 1
2 67 1
2 68 1
2 69 1
2 70 0
2 71 0
2 72 1
2 73 0
2 74 0
2 75 0
2 76 0
2 77 1
2 78 0
2 79 0
2 80 1
2 81 0
2 82 1
2 83 1
2 84 0
2 85 0
2 86 1
2 87 1
2 88 0
2 89 0
2 90 0
2 91 0
2 92 0
2 93 0
2 94 1
2 95 0
2 96 0
2 97 1
2 98 1
2 99 0
2 100 0
3 0 1
3 1 0
3 2 1
3 3 0
3 4 1
3 5 0
3 6 1
3 7 0
3 8 0
3 9 0
3 10 0
3 11 0
3 12 0
3 13 0
3 14 0
3 15 1
3 16 1
3 17 1
3 18 0
3 19 1
3 20 1
3 21 0
3 22 0
3 23 1
3 24 0
3 25 1
3 26 1
3 27 0
3 28 0
3 29 0
3 30 0
3 31 0
3 32 0
3 33 0
3 34 0
3 35 0
3 36 0
3 37 1
3 38 0
3 39 0
3 40 0
3 41 0
3 42 1
3 43 1
3 44 1
3 45 1
3 46 1
3 47 0
3 48 1
3 49 1
3 50 0
3 51 1
3 52 0
3 53 0
3 54 1
3 55 0
3 56 0
3 57 1
3 58 0
3 59 1
3 60 0
3 61 0
3 62 0
3 63 0
3 64 0
3 65 0
3 66 0
3 67 0
3 68 0
3 69 1
3 70 1
3 71 0
3 72 1
3 73 1
3 74 1
3 75 0
3 76 0
3 77 0
3 78 0
3 79 0
3 80 0
3 81 1
3 82 0
3 83 1
3 84 1
3 85 1
3 86 1
3 87 0
3 88 1
3 89 0
3 90 0
3 91 0
3 92 1
3 93 1
3 94 0
3 95 1
3 96 0
3 97 0
3 98 1
3 99 0
3 100 1
4 0 0
4 1 1
4 2 1
4 3 0
4 4 0
4 5 1
4 6 1
4 7 0
4 8 0
4 9 0
4 10 0
4 11 0
4 12 0
4 13 1
4 14 0
4 15 0
4 16 1
4 17 0
4 18 1
4 19 1
4 20 0
4 21 0
4 22 0
4 23 0
4 24 1
4 25 1
4 26 0
4 27 1
4 28 1
4 29 0
4 30 0
4 31 1
4 32 0
4 33 0
4 34 1
4 35 1
4 36 0
4 37 1
4 38 0
4 39 0
4 40 1
4 41 1
4 42 0
4 43 0
4 44 0
4 45 0
4 46 1
4 47 1
4 48 1
4 49 0
4 50 0
4 51 0
4 52 0
4 53 0
4 54 0
4 55 0
4 56 1
4 57 1
4 58 0
4 59 1
4 60 0
4 61 0
4 62 1
4 63 0
4 64 1
4 65 1
4 66 0
4 67 0
4 68 0
4 69 1
4 70 1
4 71 1
4 72 0
4 73 1
4 74 0
4 75 1
4 76 1
4 77 0
4 78 0
4 79 1
4 80 0
4 81 1
4 82 0
4 83 1
4 84 0
4 85 1
4 86 1
4 87 0
4 88 0
4 89 1
4 90 1
4 91 0
4 92 0
4 93 1
4 94 1
4 95 0
4 96 0
4 97 0
4 98 0
4 99 0
4 100 1
5 0 1
5 1 0
5 2 0
5 3 1
5 4 0
5 5 1
5 6 1
5 7 0
5 8 0
5 9 0
5 10 0
5 11 1
5 12 0
5 13 0
5 14 0
5 15 0
5 16 0
5 17 0
5 18 1
5 19 0
5 20 0
5 21 0
5 22 0
5 23 0
5 24 0
5 25 0
5 26 0
5 27 1
5 28 0
5 29 0
5 30 1
5 31 1
5 32 1
5 33 1
5 34 0
5 35 0
5 36 1
5 37 1
5 38 0
5 39 0
5 40 0
5 41 0
5 42 0
5 43 1
5 44 1
5 45 0
5 46 0
5 47 0
5 48 0
5 49 1
5 50 1
5 51 1
5 52 0
5 53 0
5 54 1
5 55 0
5 56 0
5 57 0
5 58 1
5 59 0
5 60 0
5 61 1
5 62 1
5 63 0
5 64 0
5 65 0
5 66 1
5 67 1
5 68 0
5 69 1
5 70 0
5 71 1
5 72 0
5 73 0
5 74 0
5 75 0
5 76 0
5 77 1
5 78 0
5 79 0
5 80 1
5 81 0
5 82 1
5 83 1
5 84 0
5 85 0
5 86 1
5 87 0
5 88 1
5 89 0
5 90 0
5 91 0
5 92 0
5 93 1
5 94 1
5 95 0
5 96 0
5 97 1
5 98 0
5 99 1
5 100 1
6 0 0
6 1 0
6 2 0
6 3 0
6 4 1
6 5 0
6 6 0
6 7 1
6 8 1
6 9 1
6 10 0
6 11 0
6 12 1
6 13 0
6 14 1
6 15 0
6 16 1
6 17 0
6 18 0
6 19 0
6 20 1
6 21 1
6 22 0
6 23 1
6 24 0
6 25 0
6 26 1
6 27 0
6 28 0
6 29 0
6 30 1
6 31 1
6 32 1
6 33 1
6 34 0
6 35 1
6 36 0
6 37 1
6 38 1
6 39 0
6 40 0
6 41 0
6 42 0
6 43 0
6 44 0
6 45 0
6 46 1
6 47 0
6 48 0
6 49 0
6 50 1
6 51 0
6 52 0
6 53 1
6 54 1
6 55 1
6 56 1
6 57 1
6 58 1
6 59 0
6 60 1
6 61 0
6 62 0
6 63 0
6 64 1
6 65 0
6 66 0
6 67 0
6 68 1
6 69 1
6 70 0
6 71 1
6 72 0
6 73 0
6 74 0
6 75 1
6 76 0
6 77 0
6 78 0
6 79 1
6 80 0
6 81 1
6 82 1
6 83 0
6 84 1
6 85 1
6 86 1
6 87 0
6 88 1
6 89 1
6 90 0
6 91 0
6 92 0
6 93 0
6 94 0
6 95 0
6 96 0
6 97 1
6 98 1
6 99 1
6 100 0
7 0 1
7 1 0
7 2 0
7 3 1
7 4 0
7 5 0
7 6 0
7 7 1
7 8 1
7 9 1
7 10 1
7 11 0
7 12 0
7 13 0
7 14 0
7 15 0
7 16 0
7 17 0
7 18 1
7 19 0
7 20 1
7 21 0
7 22 0
7 23 1
7 24 0
7 25 1
7 26 1
7 27 0
7 28 0
7 29 0
7 30 1
7 31 0
7 32 0
7 33 0
7 34 1
7 35 0
7 36 0
7 37 1
7 38 1
7 39 0
7 40 1
7 41 0
7 42 0
7 43 0
7 44 1
7 45 0
7 46 0
7 47 1
7 48 1
7 49 0
7 50 1
7 51 1
7 52 0
7 53 0
7 54 0
7 55 0
7 56 0
7 57 1
7 58 0
7 59 0
7 60 0
7 61 1
7 62 1
7 63 0
7 64 0
7 65 1
7 66 0
7 67 0
7 68 0
7 69 1
7 70 0
7 71 0
7 72 0
7 73 1
7 74 0
7 75 0
7 76 1
7 77 0
7 78 0
7 79 0
7 80 0
7 81 0
7 82 0
7 83 1
7 84 1
7 85 0
7 86 0
7 87 0
7 88 1
7 89 1
7 90 1
7 91 1
7 92 1
7 93 1
7 94 0
7 95 1
7 96 0
7 97 0
7 98 0
7 99 1
7 100 0
8 0 0
8 1 1
8 2 0
8 3 1
8 4 0
8 5 1
8 6 0
8 7 0
8 8 0
8 9 1
8 10 0
8 11 0
8 12 0
8 13 0
8 14 1
8 15 1
8 16 1
8 17 0
8 18 1
8 19 0
8 20 0
8 21 0
8 22 0
8 23 0
8 24 1
8 25 0
8 26 0
8 27 1
8 28 0
8 29 0
8 30 1
8 31 0
8 32 0
8 33 1
8 34 0
8 35 0
8 36 1
8 37 0
8 38 1
8 39 0
8 40 0
8 41 1
8 42 0
8 43 1
8 44 1
8 45 0
8 46 1
8 47 1
8 48 0
8 49 1
8 50 0
8 51 1
8 52 0
8 53 1
8 54 0
8 55 0
8 56 1
8 57 1
8 58 0
8 59 0
8 60 1
8 61 0
8 62 0
8 63 0
8 64 0
8 65 1
8 66 0
8 67 1
8 68 0
8 69 1
8 70 0
8 71 1
8 72 0
8 73 0
8 74 0
8 75 0
8 76 1
8 77 0
8 78 0
8 79 0
8 80 1
8 81 1
8 82 1
8 83 1
8 84 0
8 85 1
8 86 0
8 87 1
8 88 0
8 89 1
8 90 1
8 91 1
8 92 0
8 93 1
8 94 0
8 95 0
8 96 1
8 97 1
8 98 0
8 99 0
8 100 1
9 0 0
9 1 1
9 2 0
9 3 0
9 4 0
9 5 0
9 6 1
9 7 0
9 8 0
9 9 1
9 10 1
9 11 0
9 12 0
9 13 1
9 14 1
9 15 0
9 16 0
9 17 1
9 18 0
9 19 0
9 20 1
9 21 1
9 22 0
9 23 0
9 24 1
9 25 1
9 26 0
9 27 0
9 28 0
9 29 1
9 30 0
9 31 1
9 32 0
9 33 1
9 34 0
9 35 1
9 36 1
9 37 0
9 38 1
9 39 0
9 40 0
9 41 0
9 42 1
9 43 0
9 44 0
9 45 0
9 46 0
9 47 1
9 48 0
9 49 0
9 50 0
9 51 1
9 52 0
9 53 0
9 54 0
9 55 0
9 56 0
9 57 0
9 58 1
9 59 0
9 60 0
9 61 1
9 62 0
9 63 1
9 64 0
9 65 1
9 66 0
9 67 1
9 68 0
9 69 1
9 70 0
9 71 0
9 72 0
9 73 0
9 74 0
9 75 1
9 76 0
9 77 0
9 78 0
9 79 0
9 80 0
9 81 1
9 82 0
9 83 1
9 84 0
9 85 0
9 86 0
9 87 1
9 88 0
9 89 0
9 90 1
9 91 1
9 92 0
9 93 1
9 94 0
9 95 0
9 96 0
9 97 1
9 98 1
9 99 1
9 100 1
10 0 1
10 1 1
10 2 1
10 3 0
10 4 1
10 5 0
10 6 0
10 7 1
10 8 1
10 9 0
10 10 0
10 11 0
10 12 1
10 13 0
10 14 1
10 15 0
10 16 1
10 17 1
10 18 0
10 19 0
10 20 0
10 21 0
10 22 1
10 23 1
10 24 1
10 25 1
10 26 0
10 27 1
10 28 0
10 29 0
10 30 0
10 31 0
10 32 0
10 33 0
10 34 1
10 35 1
10 36 0
10 37 0
10 38 0
10 39 0
10 40 0
10 41 1
10 42 0
10 43 0
10 44 0
10 45 1
10 46 1
10 47 0
10 48 0
10 49 1
10 50 0
10 51 0
10 52 0
10 53 0
10 54 0
10 55 0
10 56 1
10 57 0
10 58 1
10 59 0
10 60 0
10 61 1
10 62 0
10 63 1
10 64 0
10 65 1
10 66 1
10 67 0
10 68 1
10 69 0
10 70 1
10 71 0
10 72 0
10 73 0
10 74 0
10 75 1
10 76 0
10 77 1
10 78 1
10 79 0
10 80 0
10 81 1
10 82 1
10 83 1
10 84 1
10 85 0
10 86 0
10 87 0
10 88 0
10 89 1
10 90 1
10 91 0
10 92 1
10 93 1
10 94 1
10 95 1
10 96 0
10 97 1
10 98 1
10 99 1
10 100 1
11 0 0
11 1 0
11 2 0
11 3 0
11 4 1
11 5 0
11 6 1
11 7 0
11 8 0
11 9 1
11 10 1
11 11 1
11 12 1
11 13 1
11 14 0
11 15 0
11 16 0
11 17 0
11 18 0
11 19 0
11 20 0
11 21 1
11 22 1
11 23 0
11 24 1
11 25 0
11 26 0
11 27 0
11 28 0
11 29 0
11 30 0
11 31 1
11 32 1
11 33 0
11 34 0
11 35 0
11 36 0
11 37 0
11 38 0
11 39 1
11 40 0
11 41 0
11 42 1
11 43 1
11 44 0
11 45 0
11 46 1
11 47 0
11 48 0
11 49 0
11 50 1
11 51 1
11 52 0
11 53 0
11 54 1
11 55 1
11 56 0
11 57 1
11 58 0
11 59 0
11 60 1
11 61 0
11 62 0
11 63 0
11 64 0
11 65 1
11 66 0
11 67 0
11 68 1
11 69 0
11 70 0
11 71 0
11 72 0
11 73 0
11 74 0
11 75 0
11 76 1
11 77 0
11 78 0
11 79 0
11 80 0
11 81 0
11 82 0
11 83 1
11 84 1
11 85 0
11 86 0
11 87 0
11 88 1
11 89 1
11 90 0
11 91 0
11 92 0
11 93 1
11 94 0
11 95 0
11 96 0
11 97 0
11 98 1
11 99 0
11 100 0
12 0 1
12 1 1
12 2 0
12 3 1
12 4 1
12 5 0
12 6 1
12 7 1
12 8 1
12 9 1
12 10 0
12 11 1
12 12 0
12 13 1
12 14 0
12 15 0
12 16 0
12 17 1
12 18 0
12 19 1
12 20 0
12 21 1
12 22 1
12 23 1
12 24 0
12 25 0
12 26 0
12 27 0
12 28 1
12 29 0
12 30 1
12 31 1
12 32 1
12 33 0
12 34 0
12 35 0
12 36 0
12 37 1
12 38 0
12 39 0
12 40 1
12 41 1
12 42 0
12 43 0
12 44 1
12 45 1
12 46 0
12 47 0
12 48 1
12 49 0
12 50 0
12 51 1
12 52 1
12 53 0
12 54 1
12 55 1
12 56 0
12 57 0
12 58 0
12 59 0
12 60 0
12 61 0
12 62 0
12 63 1
12 64 0
12 65 1
12 66 0
12 67 1
12 68 1
12 69 1
12 70 0
12 71 0
12 72 1
12 73 0
12 74 1
12 75 0
12 76 0
12 77 0
12 78 1
12 79 1
12 80 0
12 81 0
12 82 0
12 83 1
12 84 0
12 85 1
12 86 1
12 87 1
12 88 0
12 89 1
12 90 0
12 91 1
12 92 1
12 93 0
12 94 0
12 95 0
12 96 1
12 97 0
12 98 0
12 99 1
12 100 1
13 0 1
13 1 0
13 2 1
13 3 0
13 4 0
13 5 0
13 6 1
13 7 0
13 8 1
13 9 0
13 10 1
13 11 1
13 12 0
13 13 0
13 14 0
13 15 0
13 16 1
13 17 1
13 18 0
13 19 1
13 20 0
13 21 0
13 22 0
13 23 1
13 24 0
13 25 0
13 26 0
13 27 0
13 28 0
13 29 1
13 30 0
13 31 1
13 32 0
13 33 0
13 34 0
13 35 0
13 36 0
13 37 0
13 38 0
13 39 0
13 40 0
13 41 1
13 42 0
13 43 0
13 44 0
13 45 1
13 46 0
13 47 0
13 48 0
13 49 0
13 50 1
13 51 0
13 52 1
13 53 1
13 54 0
13 55 1
13 56 1
13 57 0
13 58 0
13 59 0
13 60 0
13 61 1
13 62 0
13 63 0
13 64 0
13 65 0
13 66 1
13 67 0
13 68 0
13 69 1
13 70 1
13 71 0
13 72 1
13 73 0
13 74 1
13 75 0
13 76 0
13 77 0
13 78 0
13 79 0
13 80 1
13 81 0
13 82 0
13 83 1
13 84 0
13 85 0
13 86 0
13 87 1
13 88 1
13 89 0
13 90 1
13 91 0
13 92 0
13 93 1
13 94 1
13 95 0
13 96 0
13 97 1
13 98 0
13 99 0
13 100 1
14 0 0
14 1 0
14 2 1
14 3 0
14 4 1
14 5 1
14 6 0
14 7 0
14 8 0
14 9 1
14 10 1
14 11 0
14 12 1
14 13 0
14 14 0
14 15 1
14 16 0
14 17 1
14 18 1
14 19 1
14 20 1
14 21 0
14 22 1
14 23 0
14 24 1
14 25 1
14 26 1
14 27 0
14 28 0
14 29 0
14 30 1
14 31 0
14 32 1
14 33 1
14 34 0
14 35 1
14 36 1
14 37 0
14 38 0
14 39 1
14 40 0
14 41 0
14 42 0
14 43 1
14 44 0
14 45 1
14 46 0
14 47 0
14 48 0
14 49 0
14 50 1
14 51 0
14 52 1
14 53 0
14 54 1
14 55 1
14 56 1
14 57 1
14 58 1
14 59 1
14 60 1
14 61 0
14 62 0
14 63 0
14 64 0
14 65 0
14 66 0
14 67 1
14 68 0
14 69 1
14 70 0
14 71 0
14 72 1
14 73 1
14 74 0
14 75 0
14 76 0
14 77 0
14 78 0
14 79 1
14 80 0
14 81 1
14 82 0
14 83 0
14 84 1
14 85 0
14 86 1
14 87 1
14 88 0
14 89 0
14 90 1
14 91 0
14 92 1
14 93 1
14 94 1
14 95 0
14 96 1
14 97 0
14 98 1
14 99 1
14 100 0
15 0 0
15 1 1
15 2 1
15 3 0
15 4 0
15 5 1
15 6 0
15 7 1
15 8 0
15 9 1
15 10 1
15 11 0
15 12 0
15 13 1
15 14 0
15 15 1
15 16 1
15 17 0
15 18 1
15 19 0
15 20 1
15 21 0
15 22 0
15 23 1
15 24 1
15 25 1
15 26 0
15 27 0
15 28 1
15 29 1
15 30 0
15 31 0
15 32 0
15 33 0
15 34 1
15 35 1
15 36 0
15 37 0
15 38 0
15 39 1
15 40 0
15 41 1
15 42 0
15 43 1
15 44 0
15 45 1
15 46 1
15 47 0
15 48 0
15 49 0
15 50 0
15 51 1
15 52 0
15 53 1
15 54 1
15 55 0
15 56 1
15 57 1
15 58 1
15 59 0
15 60 1
15 61 0
15 62 0
15 63 0
15 64 0
15 65 0
15 66 0
15 67 0
15 68 1
15 69 0
15 70 1
15 71 1
15 72 0
15 73 0
15 74 0
15 75 1
15 76 0
15 77 0
15 78 0
15 79 1
15 80 1
15 81 1
15 82 1
15 83 0
15 84 0
15 85 0
15 86 1
15 87 0
15 88 0
15 89 0
15 90 1
15 91 1
15 92 0
15 93 1
15 94 1
15 95 1
15 96 1
15 97 0
15 98 0
15 99 0
15 100 0
16 0 1
16 1 1
16 2 0
16 3 0
16 4 1
16 5 1
16 6 0
16 7 0
16 8 1
16 9 0
16 10 1
16 11 1
16 12 0
16 13 1
16 14 0
16 15 0
16 16 1
16 17 1
16 18 0
16 19 1
16 20 1
16 21 1
16 22 1
16 23 0
16 24 0
16 25 1
16 26 0
16 27 0
16 28 0
16 29 0
16 30 0
16 31 1
16 32 0
16 33 1
16 34 0
16 35 1
16 36 0
16 37 1
16 38 0
16 39 0
16 40 0
16 41 1
16 42 0
16 43 1
16 44 1
16 45 0
16 46 1
16 47 0
16 48 0
16 49 0
16 50 0
16 51 0
16 52 0
16 53 0
16 54 0
16 55 1
16 56 0
16 57 1
16 58 0
16 59 0
16 60 0
16 61 1
16 62 1
16 63 0
16 64 0
16 65 0
16 66 0
16 67 1
16 68 0
16 69 1
16 70 0
16 71 1
16 72 0
16 73 0
16 74 1
16 75 1
16 76 0
16 77 1
16 78 1
16 79 0
16 80 1
16 81 0
16 82 0
16 83 0
16 84 0
16 85 1
16 86 0
16 87 0
16 88 0
16 89 0
16 90 1
16 91 1
16 92 1
16 93 1
16 94 0
16 95 1
16 96 0
16 97 0
16 98 0
16 99 1
16 100 0
17 0 0
17 1 1
17 2 1
17 3 1
17 4 0
17 5 0
17 6 0
17 7 1
17 8 0
17 9 1
17 10 0
17 11 0
17 12 0
17 13 0
17 14 1
17 15 0
17 16 1
17 17 0
17 18 1
17 19 0
17 20 1
17 21 0
17 22 0
17 23 0
17 24 0
17 25 1
17 26 1
17 27 1
17 28 0
17 29 0
17 30 0
17 31 1
17 32 0
17 33 0
17 34 0
17 35 0
17 36 0
17 37 0
17 38 0
17 39 0
17 40 0
17 41 0
17 42 1
17 43 0
17 44 0
17 45 0
17 46 0
17 47 0
17 48 0
17 49 0
17 50 0
17 51 0
17 52 1
17 53 1
17 54 0
17 55 0
17 56 0
17 57 1
17 58 0
17 59 0
17 60 1
17 61 0
17 62 1
17 63 0
17 64 0
17 65 0
17 66 0
17 67 1
17 68 0
17 69 0
17 70 0
17 71 0
17 72 0
17 73 1
17 74 1
17 75 1
17 76 1
17 77 0
17 78 0
17 79 0
17 80 1
17 81 1
17 82 0
17 83 0
17 84 0
17 85 1
17 86 1
17 87 0
17 88 0
17 89 1
17 90 0
17 91 0
17 92 0
17 93 0
17 94 0
17 95 0
17 96 1
17 97 1
17 98 1
17 99 1
17 100 0
18 0 0
18 1 1
18 2 1
18 3 0
18 4 0
18 5 0
18 6 0
18 7 1
18 8 0
18 9 0
18 10 0
18 11 1
18 12 0
18 13 0
18 14 0
18 15 1
18 16 0
18 17 1
18 18 1
18 19 0
18 20 0
18 21 0
18 22 0
18 23 1
18 24 0
18 25 0
18 26 1
18 27 0
18 28 1
18 29 1
18 30 0
18 31 0
18 32 1
18 33 0
18 34 1
18 35 0
18 36 0
18 37 1
18 38 0
18 39 0
18 40 1
18 41 0
18 42 0
18 43 0
18 44 0
18 45 1
18 46 0
18 47 0
18 48 1
18 49 1
18 50 0
18 51 0
18 52 0
18 53 1
18 54 0
18 55 0
18 56 1
18 57 1
18 58 0
18 59 1
18 60 1
18 61 1
18 62 1
18 63 0
18 64 0
18 65 0
18 66 1
18 67 0
18 68 0
18 69 0
18 70 0
18 71 1
18 72 0
18 73 1
18 74 0
18 75 0
18 76 1
18 77 0
18 78 0
18 79 0
18 80 1
18 81 0
18 82 0
18 83 0
18 84 1
18 85 0
18 86 1
18 87 1
18 88 0
18 89 0
18 90 0
18 91 0
18 92 0
18 93 0
18 94 1
18 95 1
18 96 0
18 97 0
18 98 0
18 99 0
18 100 0
19 0 1
19 1 1
19 2 0
19 3 1
19 4 0
19 5 1
19 6 0
19 7 0
19 8 0
19 9 1
19 10 0
19 11 0
19 12 1
19 13 0
19 14 0
19 15 0
19 16 0
19 17 1
19 18 0
19 19 0
19 20 0
19 21 0
19 22 0
19 23 0
19 24 0
19 25 1
19 26 0
19 27 1
19 28 0
19 29 0
19 30 0
19 31 1
19 32 0
19 33 1
19 34 0
19 35 0
19 36 0
19 37 1
19 38 1
19 39 1
19 40 1
19 41 0
19 42 0
19 43 0
19 44 1
19 45 0
19 46 0
19 47 0
19 48 0
19 49 0
19 50 0
19 51 0
19 52 1
19 53 0
19 54 1
19 55 0
19 56 1
19 57 0
19 58 1
19 59 0
19 60 1
19 61 1
19 62 1
19 63 0
19 64 0
19 65 1
19 66 1
19 67 1
19 68 0
19 69 0
19 70 1
19 71 1
19 72 1
19 73 0
19 74 0
19 75 0
19 76 0
19 77 0
19 78 1
19 79 0
19 80 0
19 81 0
19 82 1
19 83 0
19 84 1
19 85 0
19 86 0
19 87 0
19 88 0
19 89 1
19 90 0
19 91 1
19 92 1
19 93 1
19 94 0
19 95 1
19 96 0
19 97 0
19 98 1
19 99 0
19 100 0
20 0 0
20 1 0
20 2 0
20 3 1
20 4 1
20 5 0
20 6 0
20 7 1
20 8 0
20 9 0
20 10 0
20 11 1
20 12 0
20 13 0
20 14 1
20 15 1
20 16 1
20 17 1
20 18 0
20 19 0
20 20 1
20 21 1
20 22 0
20 23 1
20 24 0
20 25 1
20 26 0
20 27 0
20 28 1
20 29 0
20 30 0
20 31 1
20 32 1
20 33 1
20 34 0
20 35 0
20 36 0
20 37 1
20 38 0
20 39 0
20 40 0
20 41 0
20 42 0
20 43 0
20 44 0
20 45 1
20 46 0
20 47 1
20 48 0
20 49 1
20 50 1
20 51 0
20 52 1
20 53 0
20 54 0
20 55 0
20 56 0
20 57 0
20 58 1
20 59 1
20 60 0
20 61 1
20 62 0
20 63 0
20 64 0
20 65 0
20 66 0
20 67 0
20 68 1
20 69 1
20 70 0
20 71 0
20 72 0
20 73 1
20 74 0
20 75 1
20 76 0
20 77 0
20 78 0
20 79 0
20 80 1
20 81 0
20 82 0
20 83 0
20 84 1
20 85 1
20 86 1
20 87 0
20 88 0
20 89 0
20 90 0
20 91 1
20 92 0
20 93 0
20 94 1
20 95 0
20 96 1
20 97 0
20 98 0
20 99 1
20 100 0
21 0 1
21 1 1
21 2 1
21 3 1
21 4 0
21 5 0
21 6 0
21 7 0
21 8 0
21 9 1
21 10 0
21 11 0
21 12 1
21 13 1
21 14 1
21 15 1
21 16 0
21 17 0
21 18 0
21 19 0
21 20 1
21 21 0
21 22 1
21 23 1
21 24 0
21 25 0
21 26 0
21 27 1
21 28 1
21 29 1
21 30 1
21 31 1
21 32 1
21 33 0
21 34 1
21 35 0
21 36 0
21 37 0
21 38 1
21 39 1
21 40 0
21 41 1
21 42 1
21 43 1
21 44 1
21 45 1
21 46 0
21 47 0
21 48 1
21 49 0
21 50 0
21 51 1
21 52 0
21 53 0
21 54 1
21 55 0
21 56 1
21 57 1
21 58 0
21 59 0
21 60 0
21 61 1
21 62 1
21 63 0
21 64 1
21 65 0
21 66 1
21 67 1
21 68 0
21 69 0
21 70 1
21 71 1
21 72 1
21 73 0
21 74 1
21 75 0
21 76 0
21 77 1
21 78 1
21 79 1
21 80 0
21 81 1
21 82 0
21 83 0
21 84 0
21 85 0
21 86 1
21 87 1
21 88 0
21 89 1
21 90 1
21 91 0
21 92 0
21 93 0
21 94 0
21 95 1
21 96 1
21 97 1
21 98 0
21 99 0
21 100 1
22 0 0
22 1 0
22 2 0
22 3 1
22 4 0
22 5 1
22 6 0
22 7 0
22 8 0
22 9 1
22 10 1
22 11 0
22 12 0
22 13 0
22 14 0
22 15 0
22 16 0
22 17 0
22 18 1
22 19 0
22 20 1
22 21 1
22 22 0
22 23 0
22 24 0
22 25 1
22 26 1
22 27 0
22 28 0
22 29 0
22 30 1
22 31 0
22 32 1
22 33 1
22 34 0
22 35 0
22 36 0
22 37 1
22 38 0
22 39 0
22 40 1
22 41 1
22 42 0
22 43 1
22 44 0
22 45 1
22 46 1
22 47 0
22 48 0
22 49 0
22 50 0
22 51 1
22 52 0
22 53 1
22 54 1
22 55 1
22 56 0
22 57 1
22 58 0
22 59 1
22 60 0
22 61 0
22 62 0
22 63 0
22 64 0
22 65 0
22 66 1
22 67 0
22 68 0
22 69 0
22 70 1
22 71 1
22 72 1
22 73 0
22 74 0
22 75 0
22 76 0
22 77 0
22 78 0
22 79 1
22 80 0
22 81 1
22 82 1
22 83 0
22 84 1
22 85 1
22 86 0
22 87 1
22 88 1
22 89 1
22 90 0
22 91 1
22 92 0
22 93 0
22 94 1
22 95 0
22 96 0
22 97 0
22 98 1
22 99 0
22 100 1
23 0 1
23 1 0
23 2 0
23 3 0
23 4 0
23 5 0
23 6 0
23 7 0
23 8 1
23 9 0
23 10 0
23 11 0
23 12 0
23 13 1
23 14 0
23 15 0
23 16 0
23 17 0
23 18 0
23 19 1
23 20 0
23 21 0
23 22 0
23 23 0
23 24 1
23 25 1
23 26 1
23 27 0
23 28 0
23 29 0
23 30 0
23 31 1
23 32 0
23 33 0
23 34 0
23 35 0
23 36 0
23 37 0
23 38 0
23 39 0
23 40 0
23 41 1
23 42 0
23 43 0
23 44 0
23 45 0
23 46 0
23 47 1
23 48 0
23 49 0
23 50 0
23 51 0
23 52 1
23 53 0
23 54 0
23 55 0
23 56 0
23 57 0
23 58 0
23 59 0
23 60 0
23 61 1
23 62 0
23 63 1
23 64 0
23 65 0
23 66 1
23 67 1
23 68 0
23 69 1
23 70 0
23 71 0
23 72 0
23 73 1
23 74 1
23 75 0
23 76 0
23 77 0
23 78 1
23 79 0
23 80 0
23 81 0
23 82 0
23 83 1
23 84 0
23 85 0
23 86 0
23 87 1
23 88 0
23 89 1
23 90 0
23 91 1
23 92 0
23 93 0
23 94 1
23 95 0
23 96 1
23 97 0
23 98 0
23 99 1
23 100 1
24 0 1
24 1 0
24 2 0
24 3 0
24 4 0
24 5 0
24 6 1
24 7 0
24 8 0
24 9 1
24 10 1
24 11 0
24 12 0
24 13 1
24 14 0
24 15 0
24 16 1
24 17 1
24 18 0
24 19 0
24 20 0
24 21 1
24 22 0
24 23 1
24 24 1
24 25 1
24 26 0
24 27 1
24 28 1
24 29 1
24 30 0
24 31 0
24 32 1
24 33 0
24 34 0
24 35 0
24 36 0
24 37 0
24 38 0
24 39 1
24 40 0
24 41 0
24 42 1
24 43 0
24 44 1
24 45 0
24 46 0
24 47 0
24 48 0
24 49 0
24 50 1
24 51 1
24 52 1
24 53 1
24 54 0
24 55 0
24 56 0
24 57 1
24 58 1
24 59 1
24 60 1
24 61 1
24 62 1
24 63 0
24 64 0
24 65 1
24 66 0
24 67 0
24 68 0
24 69 0
24 70 0
24 71 1
24 72 1
24 73 0
24 74 1
24 75 1
24 76 1
24 77 0
24 78 0
24 79 0
24 80 0
24 81 1
24 82 1
24 83 1
24 84 1
24 85 0
24 86 0
24 87 1
24 88 1
24 89 0
24 90 0
24 91 0
24 92 0
24 93 0
24 94 1
24 95 0
24 96 0
24 97 0
24 98 1
24 99 0
24 100 0
25 0 0
25 1 1
25 2 0
25 3 0
25 4 1
25 5 1
25 6 1
25 7 0
25 8 0
25 9 0
25 10 0
25 11 1
25 12 1
25 13 0
25 14 0
25 15 1
25 16 0
25 17 0
25 18 1
25 19 0
25 20 0
25 21 1
25 22 0
25 23 0
25 24 0
25 25 0
25 26 1
25 27 1
25 28 1
25 29 1
25 30 0
25 31 0
25 32 1
25 33 1
25 34 0
25 35 1
25 36 1
25 37 1
25 38 0
25 39 0
25 40 0
25 41 0
25 42 0
25 43 1
25 44 0
25 45 0
25 46 1
25 47 0
25 48 0
25 49 0
25 50 0
25 51 1
25 52 0
25 53 0
25 54 1
25 55 0
25 56 1
25 57 1
25 58 0
25 59 0
25 60 0
25 61 0
25 62 0
25 63 1
25 64 1
25 65 1
25 66 0
25 67 0
25 68 1
25 69 1
25 70 1
25 71 1
25 72 1
25 73 0
25 74 0
25 75 1
25 76 0
25 77 0
25 78 0
25 79 1
25 80 0
25 81 1
25 82 0
25 83 0
25 84 1
25 85 0
25 86 0
25 87 1
25 88 1
25 89 0
25 90 1
25 91 0
25 92 1
25 93 0
25 94 0
25 95 1
25 96 0
25 97 0
25 98 1
25 99 0
25 100 0
26 0 1
26 1 0
26 2 0
26 3 0
26 4 0
26 5 0
26 6 0
26 7 0
26 8 1
26 9 1
26 10 0
26 11 0
26 12 0
26 13 1
26 14 1
26 15 0
26 16 0
26 17 0
26 18 0
26 19 0
26 20 1
26 21 0
26 22 0
26 23 0
26 24 1
26 25 0
26 26 1
26 27 0
26 28 1
26 29 0
26 30 0
26 31 0
26 32 1
26 33 1
26 34 0
26 35 1
26 36 0
26 37 0
26 38 0
26 39 0
26 40 1
26 41 1
26 42 1
26 43 0
26 44 1
26 45 0
26 46 0
26 47 1
26 48 0
26 49 0
26 50 0
26 51 0
26 52 0
26 53 0
26 54 0
26 55 1
26 56 0
26 57 1
26 58 1
26 59 0
26 60 0
26 61 0
26 62 0
26 63 0
26 64 1
26 65 1
26 66 0
26 67 0
26 68 1
26 69 0
26 70 0
26 71 0
26 72 0
26 73 1
26 74 0
26 75 0
26 76 0
26 77 1
26 78 0
26 79 1
26 80 0
26 81 0
26 82 0
26 83 0
26 84 1
26 85 1
26 86 0
26 87 0
26 88 1
26 89 0
26 90 1
26 91 0
26 92 0
26 93 1
26 94 1
26 95 1
26 96 0
26 97 0
26 98 0
26 99 1
26 100 0
27 0 1
27 1 1
27 2 1
27 3 0
27 4 1
27 5 0
27 6 0
27 7 0
27 8 1
27 9 0
27 10 1
27 11 1
27 12 0
27 13 1
27 14 0
27 15 1
27 16 0
27 17 0
27 18 0
27 19 0
27 20 1
27 21 1
27 22 1
27 23 1
27 24 0
27 25 0
27 26 1
27 27 0
27 28 0
27 29 0
27 30 0
27 31 0
27 32 0
27 33 1
27 34 0
27 35 0
27 36 0
27 37 0
27 38 0
27 39 0
27 40 0
27 41 0
27 42 0
27 43 1
27 44 1
27 45 0
27 46 0
27 47 1
27 48 1
27 49 0
27 50 0
27 51 0
27 52 0
27 53 0
27 54 0
27 55 1
27 56 0
27 57 0
27 58 0
27 59 0
27 60 0
27 61 0
27 62 0
27 63 0
27 64 0
27 65 0
27 66 1
27 67 0
27 68 0
27 69 0
27 70 0
27 71 1
27 72 1
27 73 0
27 74 0
27 75 0
27 76 0
27 77 1
27 78 1
27 79 0
27 80 0
27 81 0
27 82 0
27 83 0
27 84 0
27 85 1
27 86 1
27 87 0
27 88 1
27 89 0
27 90 1
27 91 0
27 92 0
27 93 1
27 94 0
27 95 1
27 96 1
27 97 1
27 98 0
27 99 1
27 100 1
28 0 0
28 1 1
28 2 0
28 3 0
28 4 1
28 5 0
28 6 0
28 7 0
28 8 0
28 9 1
28 10 0
28 11 1
28 12 1
28 13 0
28 14 0
28 15 0
28 16 0
28 17 0
28 18 1
28 19 1
28 20 1
28 21 0
28 22 1
28 23 0
28 24 0
28 25 1
28 26 0
28 27 0
28 28 1
28 29 1
28 30 0
28 31 1
28 32 1
28 33 0
28 34 1
28 35 1
28 36 0
28 37 0
28 38 1
28 39 1
28 40 0
28 41 1
28 42 1
28 43 1
28 44 0
28 45 0
28 46 1
28 47 0
28 48 0
28 49 0
28 50 0
28 51 0
28 52 0
28 53 1
28 54 1
28 55 1
28 56 1
28 57 0
28 58 0
28 59 1
28 60 0
28 61 0
28 62 1
28 63 1
28 64 1
28 65 0
28 66 1
28 67 1
28 68 0
28 69 0
28 70 0
28 71 1
28 72 0
28 73 0
28 74 0
28 75 1
28 76 0
28 77 0
28 78 0
28 79 0
28 80 0
28 81 1
28 82 0
28 83 0
28 84 0
28 85 0
28 86 1
28 87 0
28 88 1
28 89 0
28 90 1
28 91 0
28 92 1
28 93 0
28 94 1
28 95 0
28 96 0
28 97 1
28 98 0
28 99 0
28 100 1
29 0 0
29 1 1
29 2 0
29 3 0
29 4 0
29 5 1
29 6 1
29 7 1
29 8 0
29 9 1
29 10 0
29 11 0
29 12 0
29 13 0
29 14 0
29 15 1
29 16 0
29 17 0
29 18 1
29 19 0
29 20 0
29 21 0
29 22 0
29 23 0
29 24 0
29 25 0
29 26 0
29 27 1
29 28 1
29 29 1
29 30 1
29 31 1
29 32 0
29 33 1
29 34 0
29 35 0
29 36 0
29 37 1
29 38 0
29 39 0
29 40 1
29 41 0
29 42 0
29 43 1
29 44 0
29 45 1
29 46 1
29 47 0
29 48 0
29 49 1
29 50 0
29 51 1
29 52 1
29 53 0
29 54 0
29 55 0
29 56 0
29 57 0
29 58 0
29 59 1
29 60 0
29 61 0
29 62 1
29 63 1
29 64 0
29 65 1
29 66 0
29 67 0
29 68 0
29 69 0
29 70 0
29 71 0
29 72 0
29 73 1
29 74 1
29 75 0
29 76 0
29 77 1
29 78 0
29 79 0
29 80 0
29 81 1
29 82 0
29 83 0
29 84 1
29 85 1
29 86 0
29 87 0
29 88 0
29 89 1
29 90 0
29 91 0
29 92 0
29 93 1
29 94 0
29 95 1
29 96 0
29 97 0
29 98 1
29 99 0
29 100 0
30 0 1
30 1 1
30 2 1
30 3 0
30 4 0
30 5 1
30 6 1
30 7 0
30 8 0
30 9 0
30 10 1
30 11 1
30 12 0
30 13 1
30 14 0
30 15 1
30 16 1
30 17 0
30 18 1
30 19 0
30 20 0
30 21 0
30 22 0
30 23 0
30 24 0
30 25 1
30 26 0
30 27 1
30 28 0
30 29 1
30 30 1
30 31 1
30 32 1
30 33 1
30 34 0
30 35 0
30 36 0
30 37 1
30 38 1
30 39 1
30 40 1
30 41 0
30 42 0
30 43 0
30 44 1
30 45 1
30 46 0
30 47 1
30 48 1
30 49 1
30 50 0
30 51 1
30 52 0
30 53 0
30 54 0
30 55 0
30 56 1
30 57 0
30 58 1
30 59 0
30 60 1
30 61 1
30 62 0
30 63 1
30 64 0
30 65 0
30 66 0
30 67 0
30 68 1
30 69 0
30 70 1
30 71 1
30 72 0
30 73 0
30 74 1
30 75 0
30 76 0
30 77 0
30 78 0
30 79 1
30 80 0
30 81 1
30 82 1
30 83 0
30 84 1
30 85 1
30 86 1
30 87 0
30 88 0
30 89 1
30 90 0
30 91 1
30 92 1
30 93 1
30 94 1
30 95 0
30 96 1
30 97 0
30 98 1
30 99 1
30 100 0
31 0 0
31 1 0
31 2 0
31 3 1
31 4 0
31 5 0
31 6 0
31 7 0
31 8 1
31 9 0
31 10 0
31 11 0
31 12 0
31 13 0
31 14 1
31 15 0
31 16 1
31 17 0
31 18 0
31 19 1
31 20 1
31 21 0
31 22 0
31 23 0
31 24 0
31 25 1
31 26 0
31 27 1
31 28 0
31 29 1
31 30 1
31 31 0
31 32 1
31 33 0
31 34 1
31 35 0
31 36 1
31 37 0
31 38 0
31 39 0
31 40 1
31 41 0
31 42 0
31 43 1
31 44 1
31 45 0
31 46 1
31 47 0
31 48 0
31 49 0
31 50 0
31 51 0
31 52 1
31 53 1
31 54 0
31 55 1
31 56 0
31 57 0
31 58 0
31 59 1
31 60 0
31 61 0
31 62 1
31 63 0
31 64 0
31 65 1
31 66 1
31 67 1
31 68 1
31 69 1
31 70 0
31 71 0
31 72 1
31 73 1
31 74 0
31 75 1
31 76 0
31 77 0
31 78 1
31 79 0
31 80 1
31 81 1
31 82 0
31 83 0
31 84 1
31 85 0
31 86 0
31 87 1
31 88 0
31 89 0
31 90 0
31 91 1
31 92 0
31 93 0
31 94 1
31 95 1
31 96 1
31 97 0
31 98 0
31 99 0
31 100 0
32 0 0
32 1 1
32 2 0
32 3 0
32 4 0
32 5 0
32 6 1
32 7 0
32 8 1
32 9 0
32 10 0
32 11 0
32 12 0
32 13 0
32 14 0
32 15 1
32 16 0
32 17 1
32 18 1
32 19 0
32 20 0
32 21 1
32 22 1
32 23 0
32 24 1
32 25 0
32 26 0
32 27 0
32 28 1
32 29 1
32 30 1
32 31 1
32 32 0
32 33 1
32 34 1
32 35 0
32 36 0
32 37 0
32 38 1
32 39 1
32 40 0
32 41 0
32 42 0
32 43 0
32 44 0
32 45 1
32 46 0
32 47 0
32 48 0
32 49 0
32 50 0
32 51 1
32 52 0
32 53 1
32 54 0
32 55 0
32 56 1
32 57 1
32 58 1
32 59 0
32 60 0
32 61 0
32 62 1
32 63 0
32 64 1
32 65 1
32 66 0
32 67 1
32 68 1
32 69 1
32 70 1
32 71 0
32 72 0
32 73 1
32 74 1
32 75 0
32 76 0
32 77 0
32 78 1
32 79 1
32 80 0
32 81 1
32 82 0
32 83 0
32 84 0
32 85 1
32 86 0
32 87 1
32 88 1
32 89 1
32 90 1
32 91 0
32 92 0
32 93 0
32 94 1
32 95 1
32 96 0
32 97 0
32 98 0
32 99 1
32 100 1
33 0 0
33 1 0
33 2 1
33 3 1
33 4 1
33 5 0
33 6 0
33 7 1
33 8 0
33 9 1
33 10 1
33 11 0
33 12 1
33 13 0
33 14 1
33 15 1
33 16 0
33 17 0
33 18 0
33 19 0
33 20 0
33 21 1
33 22 0
33 23 0
33 24 0
33 25 1
33 26 0
33 27 0
33 28 0
33 29 0
33 30 0
33 31 0
33 32 1
33 33 0
33 34 0
33 35 0
33 36 1
33 37 0
33 38 0
33 39 0
33 40 0
33 41 0
33 42 0
33 43 1
33 44 0
33 45 0
33 46 0
33 47 1
33 48 0
33 49 0
33 50 0
33 51 1
33 52 1
33 53 1
33 54 0
33 55 0
33 56 0
33 57 1
33 58 0
33 59 1
33 60 1
33 61 0
33 62 0
33 63 1
33 64 0
33 65 1
33 66 0
33 67 0
33 68 1
33 69 1
33 70 1
33 71 0
33 72 1
33 73 1
33 74 0
33 75 0
33 76 1
33 77 0
33 78 0
33 79 0
33 80 1
33 81 0
33 82 1
33 83 1
33 84 0
33 85 0
33 86 1
33 87 1
33 88 0
33 89 0
33 90 0
33 91 1
33 92 0
33 93 0
33 94 0
33 95 1
33 96 0
33 97 0
33 98 1
33 99 0
33 100 1
34 0 0
34 1 1
34 2 0
34 3 1
34 4 0
34 5 0
34 6 0
34 7 1
34 8 1
34 9 0
34 10 1
34 11 0
34 12 0
34 13 0
34 14 0
34 15 0
34 16 1
34 17 1
34 18 0
34 19 1
34 20 0
34 21 1
34 22 0
34 23 1
34 24 0
34 25 1
34 26 0
34 27 1
34 28 0
34 29 0
34 30 1
34 31 0
34 32 0
34 33 0
34 34 1
34 35 0
34 36 0
34 37 0
34 38 0
34 39 0
34 40 0
34 41 1
34 42 1
34 43 0
34 44 0
34 45 1
34 46 1
34 47 1
34 48 0
34 49 0
34 50 0
34 51 1
34 52 1
34 53 0
34 54 0
34 55 0
34 56 1
34 57 1
34 58 0
34 59 0
34 60 0
34 61 1
34 62 1
34 63 1
34 64 0
34 65 0
34 66 1
34 67 0
34 68 0
34 69 0
34 70 0
34 71 0
34 72 0
34 73 0
34 74 0
34 75 0
34 76 0
34 77 0
34 78 0
34 79 0
34 80 0
34 81 1
34 82 0
34 83 1
34 84 1
34 85 1
34 86 1
34 87 0
34 88 0
34 89 0
34 90 0
34 91 0
34 92 0
34 93 1
34 94 1
34 95 0
34 96 1
34 97 0
34 98 1
34 99 1
34 100 0
35 0 1
35 1 1
35 2 0
35 3 0
35 4 0
35 5 0
35 6 1
35 7 0
35 8 1
35 9 0
35 10 1
35 11 1
35 12 0
35 13 1
35 14 0
35 15 1
35 16 0
35 17 1
35 18 1
35 19 1
35 20 0
35 21 0
35 22 0
35 23 0
35 24 0
35 25 0
35 26 1
35 27 0
35 28 1
35 29 0
35 30 0
35 31 0
35 32 0
35 33 1
35 34 1
35 35 1
35 36 0
35 37 0
35 38 1
35 39 1
35 40 0
35 41 1
35 42 0
35 43 1
35 44 0
35 45 0
35 46 1
35 47 1
35 48 1
35 49 1
35 50 1
35 51 0
35 52 1
35 53 1
35 54 0
35 55 0
35 56 0
35 57 0
35 58 0
35 59 0
35 60 1
35 61 1
35 62 1
35 63 0
35 64 0
35 65 0
35 66 0
35 67 0
35 68 0
35 69 1
35 70 0
35 71 0
35 72 1
35 73 0
35 74 0
35 75 0
35 76 1
35 77 0
35 78 0
35 79 0
35 80 1
35 81 1
35 82 0
35 83 1
35 84 0
35 85 1
35 86 0
35 87 1
35 88 0
35 89 0
35 90 0
35 91 0
35 92 0
35 93 0
35 94 1
35 95 1
35 96 0
35 97 0
35 98 0
35 99 0
35 100 1
36 0 0
36 1 0
36 2 0
36 3 0
36 4 1
36 5 1
36 6 0
36 7 0
36 8 1
36 9 0
36 10 1
36 11 1
36 12 0
36 13 0
36 14 1
36 15 1
36 16 0
36 17 1
36 18 0
36 19 0
36 20 1
36 21 0
36 22 0
36 23 0
36 24 1
36 25 1
36 26 1
36 27 0
36 28 0
36 29 1
36 30 0
36 31 0
36 32 0
36 33 0
36 34 1
36 35 0
36 36 0
36 37 1
36 38 0
36 39 0
36 40 1
36 41 0
36 42 1
36 43 0
36 44 0
36 45 1
36 46 1
36 47 0
36 48 1
36 49 1
36 50 0
36 51 0
36 52 0
36 53 0
36 54 0
36 55 0
36 56 0
36 57 0
36 58 0
36 59 1
36 60 0
36 61 0
36 62 0
36 63 1
36 64 1
36 65 0
36 66 0
36 67 1
36 68 0
36 69 0
36 70 1
36 71 0
36 72 0
36 73 0
36 74 1
36 75 0
36 76 1
36 77 0
36 78 1
36 79 0
36 80 0
36 81 1
36 82 0
36 83 0
36 84 1
36 85 1
36 86 0
36 87 0
36 88 0
36 89 0
36 90 0
36 91 0
36 92 1
36 93 0
36 94 0
36 95 0
36 96 0
36 97 1
36 98 0
36 99 0
36 100 0
37 0 0
37 1 0
37 2 0
37 3 0
37 4 1
37 5 1
37 6 0
37 7 0
37 8 0
37 9 1
37 10 0
37 11 0
37 12 0
37 13 0
37 14 0
37 15 1
37 16 1
37 17 0
37 18 0
37 19 0
37 20 1
37 21 0
37 22 1
37 23 0
37 24 1
37 25 0
37 26 0
37 27 0
37 28 0
37 29 1
37 30 0
37 31 1
37 32 1
37 33 1
37 34 0
37 35 1
37 36 1
37 37 0
37 38 0
37 39 1
37 40 1
37 41 0
37 42 1
37 43 1
37 44 0
37 45 1
37 46 1
37 47 0
37 48 0
37 49 0
37 50 0
37 51 0
37 52 0
37 53 0
37 54 1
37 55 1
37 56 1
37 57 1
37 58 1
37 59 0
37 60 0
37 61 0
37 62 1
37 63 0
37 64 0
37 65 1
37 66 1
37 67 0
37 68 1
37 69 0
37 70 0
37 71 0
37 72 1
37 73 0
37 74 1
37 75 0
37 76 0
37 77 0
37 78 0
37 79 1
37 80 0
37 81 0
37 82 0
37 83 0
37 84 0
37 85 1
37 86 0
37 87 0
37 88 1
37 89 1
37 90 1
37 91 0
37 92 1
37 93 0
37 94 0
37 95 0
37 96 0
37 97 0
37 98 1
37 99 1
37 100 1
38 0 1
38 1 0
38 2 1
38 3 0
38 4 1
38 5 0
38 6 0
38 7 1
38 8 0
38 9 1
38 10 1
38 11 1
38 12 0
38 13 0
38 14 1
38 15 1
38 16 0
38 17 0
38 18 0
38 19 1
38 20 1
38 21 0
38 22 1
38 23 0
38 24 0
38 25 0
38 26 1
38 27 0
38 28 1
38 29 0
38 30 0
38 31 0
38 32 0
38 33 1
38 34 0
38 35 0
38 36 0
38 37 0
38 38 0
38 39 0
38 40 0
38 41 0
38 42 0
38 43 1
38 44 1
38 45 0
38 46 0
38 47 1
38 48 1
38 49 0
38 50 0
38 51 0
38 52 1
38 53 0
38 54 0
38 55 1
38 56 0
38 57 0
38 58 1
38 59 0
38 60 0
38 61 1
38 62 0
38 63 0
38 64 0
38 65 1
38 66 1
38 67 1
38 68 0
38 69 1
38 70 0
38 71 1
38 72 0
38 73 1
38 74 1
38 75 0
38 76 0
38 77 1
38 78 0
38 79 1
38 80 1
38 81 0
38 82 1
38 83 0
38 84 1
38 85 0
38 86 0
38 87 1
38 88 1
38 89 0
38 90 0
38 91 0
38 92 1
38 93 1
38 94 0
38 95 1
38 96 0
38 97 0
38 98 0
38 99 1
38 100 0
39 0 0
39 1 0
39 2 0
39 3 1
39 4 1
39 5 0
39 6 0
39 7 1
39 8 0
39 9 1
39 10 1
39 11 0
39 12 1
39 13 0
39 14 0
39 15 0
39 16 0
39 17 0
39 18 1
39 19 1
39 20 1
39 21 0
39 22 1
39 23 0
39 24 0
39 25 1
39 26 0
39 27 0
39 28 0
39 29 1
39 30 0
39 31 0
39 32 1
39 33 0
39 34 0
39 35 0
39 36 1
39 37 1
39 38 1
39 39 0
39 40 1
39 41 0
39 42 1
39 43 0
39 44 0
39 45 1
39 46 1
39 47 0
39 48 1
39 49 0
39 50 0
39 51 0
39 52 0
39 53 1
39 54 0
39 55 0
39 56 0
39 57 1
39 58 0
39 59 0
39 60 1
39 61 0
39 62 0
39 63 1
39 64 1
39 65 1
39 66 0
39 67 1
39 68 1
39 69 0
39 70 1
39 71 0
39 72 0
39 73 0
39 74 0
39 75 1
39 76 1
39 77 0
39 78 0
39 79 0
39 80 1
39 81 0
39 82 1
39 83 0
39 84 0
39 85 0
39 86 1
39 87 0
39 88 0
39 89 0
39 90 0
39 91 0
39 92 1
39 93 0
39 94 0
39 95 0
39 96 1
39 97 1
39 98 0
39 99 0
39 100 0
40 0 1
40 1 0
40 2 0
40 3 1
40 4 1
40 5 0
40 6 0
40 7 1
40 8 0
40 9 0
40 10 0
40 11 0
40 12 0
40 13 1
40 14 0
40 15 0
40 16 1
40 17 1
40 18 1
40 19 1
40 20 0
40 21 0
40 22 0
40 23 1
40 24 1
40 25 1
40 26 1
40 27 0
40 28 0
40 29 1
40 30 1
40 31 1
40 32 0
40 33 0
40 34 0
40 35 1
40 36 1
40 37 1
40 38 0
40 39 0
40 40 1
40 41 0
40 42 0
40 43 1
40 44 1
40 45 1
40 46 1
40 47 0
40 48 0
40 49 0
40 50 1
40 51 1
40 52 0
40 53 0
40 54 0
40 55 1
40 56 0
40 57 0
40 58 0
40 59 0
40 60 0
40 61 1
40 62 1
40 63 0
40 64 0
40 65 0
40 66 0
40 67 0
40 68 0
40 69 0
40 70 0
40 71 0
40 72 1
40 73 1
40 74 0
40 75 0
40 76 1
40 77 0
40 78 0
40 79 1
40 80 0
40 81 1
40 82 0
40 83 0
40 84 1
40 85 0
40 86 0
40 87 0
40 88 0
40 89 0
40 90 0
40 91 0
40 92 0
40 93 1
40 94 0
40 95 1
40 96 0
40 97 0
40 98 0
40 99 1
40 100 1
41 0 0
41 1 0
41 2 0
41 3 0
41 4 0
41 5 1
41 6 1
41 7 1
41 8 0
41 9 1
41 10 0
41 11 0
41 12 1
41 13 0
41 14 0
41 15 0
41 16 1
41 17 1
41 18 1
41 19 0
41 20 1
41 21 0
41 22 0
41 23 1
41 24 0
41 25 0
41 26 0
41 27 1
41 28 1
41 29 0
41 30 0
41 31 0
41 32 0
41 33 0
41 34 0
41 35 0
41 36 0
41 37 0
41 38 0
41 39 1
41 40 1
41 41 0
41 42 0
41 43 1
41 44 1
41 45 1
41 46 0
41 47 1
41 48 0
41 49 1
41 50 1
41 51 0
41 52 0
41 53 0
41 54 1
41 55 0
41 56 0
41 57 0
41 58 0
41 59 0
41 60 1
41 61 0
41 62 0
41 63 1
41 64 0
41 65 0
41 66 0
41 67 1
41 68 1
41 69 1
41 70 0
41 71 1
41 72 0
41 73 1
41 74 0
41 75 1
41 76 0
41 77 0
41 78 0
41 79 0
41 80 1
41 81 0
41 82 1
41 83 0
41 84 0
41 85 0
41 86 0
41 87 0
41 88 0
41 89 0
41 90 0
41 91 1
41 92 1
41 93 1
41 94 1
41 95 1
41 96 0
41 97 1
41 98 1
41 99 1
41 100 1
42 0 1
42 1 0
42 2 0
42 3 0
42 4 0
42 5 0
42 6 1
42 7 0
42 8 0
42 9 0
42 10 1
42 11 0
42 12 0
42 13 0
42 14 1
42 15 0
42 16 0
42 17 0
42 18 0
42 19 0
42 20 1
42 21 0
42 22 0
42 23 0
42 24 0
42 25 1
42 26 0
42 27 0
42 28 0
42 29 0
42 30 1
42 31 0
42 32 0
42 33 1
42 34 0
42 35 0
42 36 1
42 37 0
42 38 0
42 39 0
42 40 1
42 41 1
42 42 1
42 43 0
42 44 1
42 45 0
42 46 0
42 47 1
42 48 0
42 49 0
42 50 1
42 51 0
42 52 0
42 53 1
42 54 1
42 55 0
42 56 1
42 57 0
42 58 1
42 59 1
42 60 1
42 61 1
42 62 0
42 63 0
42 64 0
42 65 0
42 66 0
42 67 0
42 68 0
42 69 1
42 70 0
42 71 0
42 72 0
42 73 0
42 74 1
42 75 0
42 76 1
42 77 0
42 78 0
42 79 0
42 80 0
42 81 0
42 82 0
42 83 0
42 84 1
42 85 0
42 86 0
42 87 1
42 88 0
42 89 0
42 90 0
42 91 0
42 92 0
42 93 0
42 94 0
42 95 0
42 96 1
42 97 0
42 98 0
42 99 0
42 100 0
43 0 1
43 1 1
43 2 0
43 3 0
43 4 1
43 5 1
43 6 1
43 7 1
43 8 0
43 9 1
43 10 0
43 11 0
43 12 1
43 13 0
43 14 1
43 15 0
43 16 1
43 17 1
43 18 0
43 19 0
43 20 0
43 21 0
43 22 0
43 23 0
43 24 0
43 25 0
43 26 0
43 27 0
43 28 0
43 29 0
43 30 0
43 31 0
43 32 0
43 33 0
43 34 0
43 35 0
43 36 1
43 37 1
43 38 1
43 39 0
43 40 0
43 41 0
43 42 0
43 43 1
43 44 0
43 45 1
43 46 0
43 47 1
43 48 1
43 49 1
43 50 0
43 51 0
43 52 1
43 53 0
43 54 0
43 55 0
43 56 0
43 57 0
43 58 0
43 59 1
43 60 0
43 61 1
43 62 0
43 63 0
43 64 0
43 65 0
43 66 0
43 67 1
43 68 1
43 69 1
43 70 1
43 71 1
43 72 0
43 73 1
43 74 1
43 75 1
43 76 0
43 77 1
43 78 1
43 79 0
43 80 0
43 81 1
43 82 1
43 83 1
43 84 1
43 85 0
43 86 0
43 87 0
43 88 0
43 89 1
43 90 1
43 91 0
43 92 0
43 93 0
43 94 1
43 95 0
43 96 1
43 97 0
43 98 0
43 99 1
43 100 1
44 0 0
44 1 0
44 2 1
44 3 1
44 4 0
44 5 0
44 6 1
44 7 0
44 8 1
44 9 0
44 10 1
44 11 0
44 12 0
44 13 1
44 14 0
44 15 0
44 16 0
44 17 1
44 18 0
44 19 1
44 20 0
44 21 1
44 22 0
44 23 0
44 24 0
44 25 0
44 26 0
44 27 1
44 28 0
44 29 0
44 30 0
44 31 0
44 32 1
44 33 0
44 34 1
44 35 1
44 36 0
44 37 0
44 38 0
44 39 1
44 40 0
44 41 0
44 42 1
44 43 1
44 44 0
44 45 1
44 46 0
44 47 0
44 48 0
44 49 1
44 50 0
44 51 0
44 52 1
44 53 0
44 54 1
44 55 0
44 56 0
44 57 1
44 58 1
44 59 0
44 60 1
44 61 0
44 62 1
44 63 0
44 64 0
44 65 1
44 66 0
44 67 1
44 68 0
44 69 0
44 70 1
44 71 0
44 72 0
44 73 0
44 74 1
44 75 0
44 76 1
44 77 0
44 78 0
44 79 0
44 80 0
44 81 0
44 82 1
44 83 1
44 84 0
44 85 0
44 86 0
44 87 1
44 88 0
44 89 1
44 90 0
44 91 0
44 92 1
44 93 0
44 94 0
44 95 0
44 96 1
44 97 0
44 98 0
44 99 0
44 100 0
45 0 1
45 1 0
45 2 0
45 3 0
45 4 0
45 5 0
45 6 1
45 7 0
45 8 1
45 9 0
45 10 0
45 11 0
45 12 1
45 13 1
45 14 0
45 15 0
45 16 1
45 17 0
45 18 1
45 19 0
45 20 0
45 21 0
45 22 0
45 23 0
45 24 0
45 25 0
45 26 1
45 27 1
45 28 1
45 29 0
45 30 1
45 31 0
45 32 0
45 33 0
45 34 0
45 35 0
45 36 0
45 37 1
45 38 0
45 39 0
45 40 0
45 41 1
45 42 0
45 43 1
45 44 1
45 45 1
45 46 1
45 47 0
45 48 0
45 49 1
45 50 1
45 51 0
45 52 1
45 53 1
45 54 0
45 55 1
45 56 1
45 57 0
45 58 1
45 59 0
45 60 0
45 61 0
45 62 1
45 63 1
45 64 0
45 65 0
45 66 1
45 67 0
45 68 0
45 69 0
45 70 1
45 71 0
45 72 0
45 73 0
45 74 0
45 75 0
45 76 0
45 77 0
45 78 0
45 79 0
45 80 1
45 81 0
45 82 1
45 83 0
45 84 1
45 85 1
45 86 0
45 87 0
45 88 0
45 89 1
45 90 0
45 91 0
45 92 1
45 93 0
45 94 0
45 95 1
45 96 1
45 97 0
45 98 0
45 99 0
45 100 1
46 0 0
46 1 1
46 2 0
46 3 0
46 4 0
46 5 1
46 6 1
46 7 0
46 8 1
46 9 0
46 10 0
46 11 0
46 12 0
46 13 1
46 14 1
46 15 0
46 16 0
46 17 1
46 18 1
46 19 1
46 20 0
46 21 0
46 22 0
46 23 1
46 24 0
46 25 0
46 26 0
46 27 1
46 28 1
46 29 1
46 30 0
46 31 0
46 32 0
46 33 1
46 34 1
46 35 0
46 36 0
46 37 0
46 38 1
46 39 1
46 40 0
46 41 1
46 42 1
46 43 0
46 44 0
46 45 0
46 46 1
46 47 0
46 48 0
46 49 0
46 50 1
46 51 0
46 52 0
46 53 1
46 54 0
46 55 0
46 56 0
46 57 0
46 58 0
46 59 0
46 60 1
46 61 0
46 62 1
46 63 0
46 64 1
46 65 0
46 66 1
46 67 0
46 68 0
46 69 0
46 70 0
46 71 0
46 72 0
46 73 0
46 74 0
46 75 1
46 76 0
46 77 1
46 78 0
46 79 0
46 80 0
46 81 1
46 82 1
46 83 1
46 84 0
46 85 0
46 86 0
46 87 1
46 88 1
46 89 0
46 90 1
46 91 0
46 92 0
46 93 1
46 94 1
46 95 0
46 96 0
46 97 1
46 98 1
46 99 0
46 100 1
47 0 0
47 1 0
47 2 1
47 3 1
47 4 0
47 5 0
47 6 0
47 7 0
47 8 1
47 9 0
47 10 1
47 11 1
47 12 0
47 13 0
47 14 1
47 15 1
47 16 1
47 17 1
47 18 1
47 19 0
47 20 0
47 21 0
47 22 0
47 23 0
47 24 0
47 25 0
47 26 1
47 27 1
47 28 0
47 29 0
47 30 0
47 31 1
47 32 0
47 33 1
47 34 1
47 35 0
47 36 1
47 37 0
47 38 1
47 39 0
47 40 0
47 41 0
47 42 1
47 43 0
47 44 0
47 45 1
47 46 0
47 47 0
47 48 1
47 49 0
47 50 0
47 51 0
47 52 0
47 53 0
47 54 0
47 55 0
47 56 1
47 57 1
47 58 0
47 59 1
47 60 0
47 61 0
47 62 0
47 63 0
47 64 0
47 65 1
47 66 1
47 67 0
47 68 1
47 69 1
47 70 1
47 71 0
47 72 0
47 73 1
47 74 0
47 75 0
47 76 0
47 77 0
47 78 1
47 79 0
47 80 1
47 81 1
47 82 1
47 83 1
47 84 0
47 85 1
47 86 1
47 87 0
47 88 0
47 89 1
47 90 0
47 91 0
47 92 1
47 93 0
47 94 0
47 95 0
47 96 0
47 97 0
47 98 0
47 99 0
47 100 1
48 0 0
48 1 0
48 2 1
48 3 0
48 4 0
48 5 1
48 6 0
48 7 0
48 8 0
48 9 0
48 10 0
48 11 0
48 12 1
48 13 1
48 14 0
48 15 1
48 16 0
48 17 0
48 18 0
48 19 0
48 20 0
48 21 0
48 22 0
48 23 0
48 24 1
48 25 0
48 26 0
48 27 1
48 28 0
48 29 0
48 30 0
48 31 1
48 32 1
48 33 1
48 34 1
48 35 1
48 36 0
48 37 0
48 38 0
48 39 0
48 40 1
48 41 0
48 42 1
48 43 0
48 44 0
48 45 0
48 46 0
48 47 1
48 48 0
48 49 1
48 50 0
48 51 0
48 52 1
48 53 0
48 54 1
48 55 1
48 56 0
48 57 0
48 58 1
48 59 0
48 60 0
48 61 0
48 62 1
48 63 1
48 64 1
48 65 1
48 66 0
48 67 0
48 68 1
48 69 0
48 70 0
48 71 0
48 72 0
48 73 1
48 74 0
48 75 0
48 76 0
48 77 1
48 78 1
48 79 0
48 80 0
48 81 0
48 82 0
48 83 0
48 84 1
48 85 0
48 86 0
48 87 0
48 88 0
48 89 0
48 90 1
48 91 0
48 92 1
48 93 0
48 94 0
48 95 0
48 96 1
48 97 1
48 98 0
48 99 0
48 100 0
49 0 1
49 1 1
49 2 1
49 3 1
49 4 0
49 5 0
49 6 0
49 7 0
49 8 0
49 9 0
49 10 0
49 11 1
49 12 1
49 13 1
49 14 0
49 15 0
49 16 0
49 17 0
49 18 0
49 19 0
49 20 1
49 21 0
49 22 1
49 23 0
49 24 0
49 25 1
49 26 0
49 27 1
49 28 0
49 29 0
49 30 0
49 31 0
49 32 0
49 33 0
49 34 0
49 35 1
49 36 0
49 37 0
49 38 0
49 39 0
49 40 0
49 41 0
49 42 0
49 43 0
49 44 1
49 45 0
49 46 0
49 47 0
49 48 0
49 49 0
49 50 0
49 51 0
49 52 0
49 53 0
49 54 0
49 55 1
49 56 0
49 57 0
49 58 0
49 59 0
49 60 1
49 61 0
49 62 0
49 63 0
49 64 1
49 65 0
49 66 1
49 67 0
49 68 0
49 69 0
49 70 0
49 71 0
49 72 0
49 73 0
49 74 0
49 75 0
49 76 0
49 77 1
49 78 1
49 79 0
49 80 0
49 81 0
49 82 0
49 83 1
49 84 0
49 85 0
49 86 0
49 87 0
49 88 1
49 89 0
49 90 0
49 91 1
49 92 0
49 93 0
49 94 0
49 95 1
49 96 0
49 97 0
49 98 0
49 99 0
49 100 0
50 0 1
50 1 0
50 2 1
50 3 0
50 4 0
50 5 1
50 6 0
50 7 0
50 8 0
50 9 1
50 10 0
50 11 1
50 12 0
50 13 0
50 14 0
50 15 0
50 16 1
50 17 0
50 18 0
50 19 0
50 20 1
50 21 1
50 22 1
50 23 1
50 24 1
50 25 0
50 26 0
50 27 0
50 28 0
50 29 0
50 30 1
50 31 1
50 32 0
50 33 0
50 34 0
50 35 0
50 36 0
50 37 1
50 38 0
50 39 0
50 40 0
50 41 0
50 42 1
50 43 1
50 44 0
50 45 0
50 46 1
50 47 0
50 48 1
50 49 0
50 50 0
50 51 0
50 52 0
50 53 1
50 54 1
50 55 1
50 56 0
50 57 1
50 58 0
50 59 0
50 60 0
50 61 0
50 62 0
50 63 1
50 64 1
50 65 0
50 66 0
50 67 0
50 68 0
50 69 0
50 70 1
50 71 1
50 72 1
50 73 0
50 74 1
50 75 1
50 76 0
50 77 0
50 78 0
50 79 0
50 80 0
50 81 0
50 82 0
50 83 0
50 84 1
50 85 0
50 86 0
50 87 0
50 88 1
50 89 0
50 90 0
50 91 0
50 92 0
50 93 1
50 94 0
50 95 0
50 96 0
50 97 1
50 98 0
50 99 0
50 100 0
51 0 0
51 1 0
51 2 0
51 3 0
51 4 1
51 5 0
51 6 0
51 7 1
51 8 0
51 9 0
51 10 0
51 11 0
51 12 0
51 13 0
51 14 0
51 15 0
51 16 1
51 17 0
51 18 1
51 19 0
51 20 0
51 21 0
51 22 1
51 23 0
51 24 0
51 25 1
51 26 1
51 27 0
51 28 0
51 29 1
51 30 0
51 31 0
51 32 0
51 33 1
51 34 0
51 35 1
51 36 0
51 37 0
51 38 1
51 39 0
51 40 0
51 41 1
51 42 1
51 43 0
51 44 0
51 45 0
51 46 0
51 47 0
51 48 0
51 49 1
51 50 1
51 51 1
51 52 0
51 53 0
51 54 0
51 55 0
51 56 0
51 57 0
51 58 0
51 59 0
51 60 0
51 61 0
51 62 1
51 63 1
51 64 0
51 65 1
51 66 1
51 67 0
51 68 0
51 69 1
51 70 0
51 71 0
51 72 0
51 73 1
51 74 0
51 75 0
51 76 0
51 77 0
51 78 0
51 79 0
51 80 1
51 81 0
51 82 1
51 83 0
51 84 1
51 85 1
51 86 0
51 87 0
51 88 0
51 89 0
51 90 1
51 91 0
51 92 0
51 93 1
51 94 0
51 95 1
51 96 0
51 97 0
51 98 0
51 99 0
51 100 1
52 0 0
52 1 1
52 2 0
52 3 1
52 4 0
52 5 1
52 6 1
52 7 0
52 8 0
52 9 0
52 10 0
52 11 0
52 12 0
52 13 0
52 14 0
52 15 0
52 16 1
52 17 0
52 18 0
52 19 0
52 20 1
52 21 0
52 22 0
52 23 0
52 24 0
52 25 1
52 26 0
52 27 1
52 28 0
52 29 0
52 30 1
52 31 1
52 32 0
52 33 0
52 34 0
52 35 0
52 36 0
52 37 0
52 38 0
52 39 1
52 40 1
52 41 1
52 42 1
52 43 0
52 44 0
52 45 0
52 46 1
52 47 0
52 48 1
52 49 1
52 50 0
52 51 0
52 52 1
52 53 0
52 54 1
52 55 0
52 56 0
52 57 1
52 58 0
52 59 0
52 60 1
52 61 0
52 62 0
52 63 0
52 64 0
52 65 1
52 66 0
52 67 0
52 68 0
52 69 0
52 70 0
52 71 0
52 72 1
52 73 0
52 74 0
52 75 1
52 76 0
52 77 0
52 78 1
52 79 1
52 80 0
52 81 0
52 82 1
52 83 0
52 84 0
52 85 1
52 86 1
52 87 1
52 88 0
52 89 1
52 90 0
52 91 1
52 92 0
52 93 1
52 94 0
52 95 0
52 96 0
52 97 0
52 98 1
52 99 0
52 100 0
53 0 1
53 1 0
53 2 0
53 3 1
53 4 0
53 5 0
53 6 0
53 7 0
53 8 1
53 9 0
53 10 1
53 11 1
53 12 0
53 13 0
53 14 1
53 15 0
53 16 0
53 17 1
53 18 0
53 19 1
53 20 1
53 21 0
53 22 0
53 23 0
53 24 0
53 25 1
53 26 0
53 27 1
53 28 0
53 29 0
53 30 1
53 31 0
53 32 1
53 33 1
53 34 0
53 35 1
53 36 1
53 37 0
53 38 1
53 39 0
53 40 0
53 41 0
53 42 0
53 43 0
53 44 1
53 45 0
53 46 0
53 47 0
53 48 1
53 49 0
53 50 1
53 51 0
53 52 1
53 53 0
53 54 0
53 55 0
53 56 1
53 57 1
53 58 1
53 59 0
53 60 0
53 61 0
53 62 0
53 63 0
53 64 1
53 65 0
53 66 0
53 67 1
53 68 0
53 69 1
53 70 0
53 71 1
53 72 0
53 73 0
53 74 0
53 75 1
53 76 1
53 77 0
53 78 0
53 79 1
53 80 1
53 81 0
53 82 0
53 83 1
53 84 0
53 85 0
53 86 0
53 87 0
53 88 1
53 89 0
53 90 0
53 91 1
53 92 1
53 93 0
53 94 0
53 95 0
53 96 1
53 97 0
53 98 0
53 99 1
53 100 0
54 0 0
54 1 0
54 2 0
54 3 1
54 4 0
54 5 1
54 6 1
54 7 0
54 8 0
54 9 1
54 10 0
54 11 0
54 12 1
54 13 1
54 14 0
54 15 0
54 16 0
54 17 1
54 18 0
54 19 0
54 20 1
54 21 1
54 22 0
54 23 1
54 24 0
54 25 1
54 26 0
54 27 0
54 28 1
54 29 0
54 30 0
54 31 0
54 32 0
54 33 0
54 34 0
54 35 0
54 36 0
54 37 0
54 38 0
54 39 1
54 40 1
54 41 0
54 42 1
54 43 0
54 44 0
54 45 1
54 46 0
54 47 1
54 48 1
54 49 1
54 50 1
54 51 0
54 52 0
54 53 0
54 54 1
54 55 0
54 56 0
54 57 0
54 58 1
54 59 0
54 60 0
54 61 0
54 62 0
54 63 0
54 64 1
54 65 0
54 66 0
54 67 1
54 68 1
54 69 0
54 70 0
54 71 1
54 72 0
54 73 1
54 74 0
54 75 0
54 76 0
54 77 0
54 78 1
54 79 0
54 80 0
54 81 0
54 82 0
54 83 1
54 84 0
54 85 0
54 86 0
54 87 1
54 88 0
54 89 1
54 90 0
54 91 0
54 92 0
54 93 1
54 94 1
54 95 0
54 96 0
54 97 1
54 98 1
54 99 0
54 100 1
55 0 1
55 1 1
55 2 0
55 3 1
55 4 1
55 5 0
55 6 0
55 7 1
55 8 0
55 9 1
55 10 1
55 11 0
55 12 0
55 13 0
55 14 0
55 15 1
55 16 1
55 17 1
55 18 0
55 19 0
55 20 0
55 21 0
55 22 0
55 23 1
55 24 0
55 25 0
55 26 0
55 27 1
55 28 0
55 29 1
55 30 0
55 31 0
55 32 1
55 33 0
55 34 1
55 35 1
55 36 0
55 37 0
55 38 0
55 39 1
55 40 0
55 41 0
55 42 1
55 43 1
55 44 0
55 45 1
55 46 0
55 47 1
55 48 0
55 49 0
55 50 0
55 51 0
55 52 0
55 53 1
55 54 1
55 55 0
55 56 0
55 57 1
55 58 1
55 59 0
55 60 0
55 61 1
55 62 1
55 63 0
55 64 0
55 65 1
55 66 1
55 67 0
55 68 1
55 69 0
55 70 1
55 71 1
55 72 1
55 73 1
55 74 0
55 75 0
55 76 1
55 77 0
55 78 1
55 79 0
55 80 0
55 81 0
55 82 0
55 83 0
55 84 0
55 85 0
55 86 1
55 87 1
55 88 0
55 89 1
55 90 1
55 91 0
55 92 0
55 93 1
55 94 1
55 95 0
55 96 1
55 97 0
55 98 1
55 99 1
55 100 0
56 0 1
56 1 1
56 2 0
56 3 0
56 4 0
56 5 0
56 6 0
56 7 1
56 8 1
56 9 0
56 10 1
56 11 0
56 12 0
56 13 1
56 14 0
56 15 0
56 16 1
56 17 0
56 18 0
56 19 1
56 20 1
56 21 0
56 22 0
56 23 1
56 24 1
56 25 0
56 26 0
56 27 0
56 28 0
56 29 1
56 30 1
56 31 0
56 32 1
56 33 1
56 34 1
56 35 0
56 36 0
56 37 0
56 38 1
56 39 1
56 40 1
56 41 1
56 42 1
56 43 1
56 44 0
56 45 0
56 46 0
56 47 0
56 48 0
56 49 0
56 50 1
56 51 0
56 52 1
56 53 0
56 54 1
56 55 0
56 56 0
56 57 1
56 58 0
56 59 0
56 60 0
56 61 0
56 62 1
56 63 1
56 64 0
56 65 0
56 66 1
56 67 1
56 68 0
56 69 1
56 70 0
56 71 0
56 72 1
56 73 0
56 74 0
56 75 0
56 76 1
56 77 0
56 78 0
56 79 0
56 80 0
56 81 1
56 82 0
56 83 0
56 84 0
56 85 1
56 86 0
56 87 0
56 88 0
56 89 0
56 90 1
56 91 0
56 92 0
56 93 0
56 94 1
56 95 1
56 96 1
56 97 1
56 98 0
56 99 0
56 100 1
57 0 0
57 1 0
57 2 0
57 3 0
57 4 0
57 5 0
57 6 1
57 7 0
57 8 0
57 9 0
57 10 0
57 11 0
57 12 0
57 13 0
57 14 0
57 15 0
57 16 1
57 17 1
57 18 1
57 19 1
57 20 0
57 21 1
57 22 1
57 23 1
57 24 1
57 25 0
57 26 1
57 27 1
57 28 1
57 29 0
57 30 1
57 31 1
57 32 1
57 33 1
57 34 0
57 35 0
57 36 0
57 37 0
57 38 1
57 39 1
57 40 0
57 41 0
57 42 0
57 43 0
57 44 1
57 45 0
57 46 1
57 47 0
57 48 1
57 49 0
57 50 1
57 51 1
57 52 0
57 53 1
57 54 0
57 55 1
57 56 0
57 57 1
57 58 0
57 59 1
57 60 0
57 61 1
57 62 1
57 63 0
57 64 1
57 65 0
57 66 1
57 67 0
57 68 1
57 69 1
57 70 0
57 71 0
57 72 1
57 73 1
57 74 1
57 75 1
57 76 0
57 77 0
57 78 1
57 79 0
57 80 0
57 81 1
57 82 1
57 83 1
57 84 0
57 85 1
57 86 0
57 87 0
57 88 0
57 89 0
57 90 0
57 91 0
57 92 1
57 93 0
57 94 1
57 95 0
57 96 0
57 97 0
57 98 0
57 99 0
57 100 1
58 0 0
58 1 0
58 2 0
58 3 0
58 4 0
58 5 1
58 6 1
58 7 0
58 8 1
58 9 0
58 10 1
58 11 0
58 12 1
58 13 1
58 14 1
58 15 1
58 16 1
58 17 1
58 18 0
58 19 0
58 20 0
58 21 0
58 22 1
58 23 1
58 24 1
58 25 0
58 26 0
58 27 1
58 28 0
58 29 0
58 30 0
58 31 0
58 32 0
58 33 1
58 34 0
58 35 1
58 36 0
58 37 1
58 38 0
58 39 0
58 40 1
58 41 0
58 42 0
58 43 0
58 44 0
58 45 1
58 46 1
58 47 1
58 48 1
58 49 0
58 50 0
58 51 0
58 52 1
58 53 1
58 54 1
58 55 0
58 56 1
58 57 1
58 58 0
58 59 1
58 60 0
58 61 1
58 62 0
58 63 1
58 64 1
58 65 1
58 66 1
58 67 0
58 68 0
58 69 1
58 70 1
58 71 1
58 72 0
58 73 0
58 74 0
58 75 1
58 76 0
58 77 1
58 78 0
58 79 0
58 80 0
58 81 1
58 82 0
58 83 0
58 84 0
58 85 1
58 86 0
58 87 1
58 88 1
58 89 0
58 90 1
58 91 1
58 92 1
58 93 0
58 94 0
58 95 1
58 96 0
58 97 0
58 98 1
58 99 1
58 100 0
59 0 0
59 1 0
59 2 0
59 3 1
59 4 1
59 5 1
59 6 0
59 7 1
59 8 1
59 9 0
59 10 0
59 11 1
59 12 1
59 13 1
59 14 0
59 15 0
59 16 0
59 17 0
59 18 1
59 19 0
59 20 0
59 21 1
59 22 0
59 23 0
59 24 1
59 25 0
59 26 0
59 27 0
59 28 1
59 29 0
59 30 0
59 31 1
59 32 0
59 33 0
59 34 0
59 35 1
59 36 0
59 37 1
59 38 0
59 39 0
59 40 1
59 41 0
59 42 1
59 43 0
59 44 0
59 45 0
59 46 1
59 47 0
59 48 0
59 49 1
59 50 1
59 51 1
59 52 0
59 53 1
59 54 0
59 55 1
59 56 1
59 57 1
59 58 0
59 59 0
59 60 1
59 61 0
59 62 1
59 63 0
59 64 0
59 65 0
59 66 0
59 67 0
59 68 1
59 69 0
59 70 0
59 71 1
59 72 0
59 73 1
59 74 0
59 75 1
59 76 0
59 77 0
59 78 0
59 79 1
59 80 1
59 81 1
59 82 0
59 83 0
59 84 0
59 85 0
59 86 0
59 87 0
59 88 1
59 89 0
59 90 1
59 91 0
59 92 1
59 93 0
59 94 1
59 95 0
59 96 0
59 97 1
59 98 0
59 99 1
59 100 0
60 0 0
60 1 0
60 2 1
60 3 1
60 4 1
60 5 1
60 6 1
60 7 0
60 8 0
60 9 0
60 10 0
60 11 1
60 12 0
60 13 0
60 14 1
60 15 0
60 16 1
60 17 0
60 18 0
60 19 0
60 20 1
60 21 1
60 22 1
60 23 0
60 24 0
60 25 0
60 26 0
60 27 0
60 28 0
60 29 1
60 30 1
60 31 0
60 32 1
60 33 1
60 34 1
60 35 1
60 36 0
60 37 0
60 38 1
60 39 0
60 40 1
60 41 0
60 42 0
60 43 1
60 44 1
60 45 0
60 46 1
60 47 0
60 48 0
60 49 0
60 50 0
60 51 0
60 52 0
60 53 0
60 54 1
60 55 1
60 56 0
60 57 0
60 58 0
60 59 1
60 60 0
60 61 0
60 62 1
60 63 1
60 64 1
60 65 0
60 66 1
60 67 0
60 68 0
60 69 0
60 70 0
60 71 0
60 72 0
60 73 1
60 74 0
60 75 1
60 76 0
60 77 1
60 78 0
60 79 1
60 80 1
60 81 0
60 82 0
60 83 0
60 84 0
60 85 0
60 86 0
60 87 0
60 88 1
60 89 0
60 90 0
60 91 1
60 92 1
60 93 0
60 94 0
60 95 0
60 96 1
60 97 0
60 98 1
60 99 1
60 100 0
61 0 0
61 1 1
61 2 1
61 3 1
61 4 0
61 5 1
61 6 0
61 7 0
61 8 0
61 9 1
61 10 0
61 11 0
61 12 1
61 13 0
61 14 0
61 15 0
61 16 1
61 17 1
61 18 1
61 19 0
61 20 1
61 21 1
61 22 0
61 23 0
61 24 0
61 25 0
61 26 1
61 27 1
61 28 0
61 29 0
61 30 0
61 31 1
61 32 0
61 33 0
61 34 1
61 35 0
61 36 1
61 37 0
61 38 0
61 39 0
61 40 0
61 41 0
61 42 1
61 43 0
61 44 0
61 45 0
61 46 1
61 47 0
61 48 0
61 49 1
61 50 1
61 51 0
61 52 0
61 53 1
61 54 0
61 55 0
61 56 1
61 57 0
61 58 0
61 59 0
61 60 0
61 61 0
61 62 1
61 63 1
61 64 1
61 65 0
61 66 0
61 67 0
61 68 1
61 69 1
61 70 1
61 71 0
61 72 0
61 73 1
61 74 0
61 75 1
61 76 0
61 77 0
61 78 1
61 79 0
61 80 0
61 81 0
61 82 0
61 83 0
61 84 0
61 85 0
61 86 1
61 87 1
61 88 1
61 89 0
61 90 0
61 91 0
61 92 0
61 93 0
61 94 0
61 95 0
61 96 0
61 97 1
61 98 1
61 99 0
61 100 0
62 0 0
62 1 0
62 2 0
62 3 0
62 4 0
62 5 1
62 6 1
62 7 1
62 8 0
62 9 1
62 10 1
62 11 0
62 12 1
62 13 0
62 14 0
62 15 0
62 16 0
62 17 0
62 18 1
62 19 1
62 20 0
62 21 0
62 22 1
62 23 0
62 24 0
62 25 0
62 26 0
62 27 0
62 28 0
62 29 1
62 30 0
62 31 0
62 32 0
62 33 0
62 34 0
62 35 1
62 36 1
62 37 0
62 38 0
62 39 1
62 40 1
62 41 1
62 42 0
62 43 1
62 44 1
62 45 0
62 46 1
62 47 1
62 48 0
62 49 0
62 50 0
62 51 0
62 52 0
62 53 0
62 54 1
62 55 0
62 56 0
62 57 0
62 58 0
62 59 0
62 60 0
62 61 0
62 62 1
62 63 1
62 64 0
62 65 0
62 66 0
62 67 1
62 68 0
62 69 0
62 70 1
62 71 0
62 72 0
62 73 1
62 74 1
62 75 0
62 76 0
62 77 0
62 78 1
62 79 0
62 80 0
62 81 0
62 82 0
62 83 0
62 84 1
62 85 1
62 86 0
62 87 0
62 88 0
62 89 0
62 90 1
62 91 0
62 92 1
62 93 0
62 94 0
62 95 1
62 96 0
62 97 0
62 98 0
62 99 1
62 100 0
63 0 0
63 1 1
63 2 0
63 3 0
63 4 1
63 5 1
63 6 0
63 7 0
63 8 0
63 9 1
63 10 0
63 11 0
63 12 1
63 13 0
63 14 1
63 15 1
63 16 1
63 17 1
63 18 0
63 19 0
63 20 0
63 21 1
63 22 0
63 23 0
63 24 0
63 25 0
63 26 0
63 27 1
63 28 0
63 29 1
63 30 0
63 31 0
63 32 0
63 33 0
63 34 0
63 35 0
63 36 0
63 37 0
63 38 1
63 39 0
63 40 0
63 41 1
63 42 0
63 43 0
63 44 0
63 45 1
63 46 1
63 47 0
63 48 0
63 49 1
63 50 0
63 51 0
63 52 1
63 53 0
63 54 1
63 55 0
63 56 0
63 57 0
63 58 1
63 59 1
63 60 1
63 61 0
63 62 1
63 63 1
63 64 0
63 65 0
63 66 1
63 67 0
63 68 1
63 69 1
63 70 1
63 71 1
63 72 0
63 73 1
63 74 1
63 75 1
63 76 1
63 77 1
63 78 1
63 79 0
63 80 1
63 81 0
63 82 1
63 83 0
63 84 0
63 85 1
63 86 0
63 87 0
63 88 1
63 89 1
63 90 1
63 91 1
63 92 1
63 93 1
63 94 1
63 95 0
63 96 1
63 97 0
63 98 0
63 99 1
63 100 1
64 0 0
64 1 0
64 2 1
64 3 1
64 4 0
64 5 0
64 6 0
64 7 0
64 8 0
64 9 0
64 10 1
64 11 0
64 12 0
64 13 0
64 14 1
64 15 1
64 16 0
64 17 0
64 18 0
64 19 0
64 20 1
64 21 0
64 22 0
64 23 0
64 24 0
64 25 0
64 26 1
64 27 1
64 28 1
64 29 0
64 30 0
64 31 1
64 32 1
64 33 0
64 34 1
64 35 1
64 36 1
64 37 0
64 38 1
64 39 0
64 40 0
64 41 1
64 42 0
64 43 0
64 44 0
64 45 0
64 46 0
64 47 1
64 48 0
64 49 1
64 50 0
64 51 0
64 52 1
64 53 0
64 54 1
64 55 0
64 56 0
64 57 0
64 58 1
64 59 1
64 60 0
64 61 0
64 62 0
64 63 0
64 64 0
64 65 1
64 66 1
64 67 0
64 68 0
64 69 1
64 70 1
64 71 0
64 72 0
64 73 1
64 74 0
64 75 0
64 76 0
64 77 0
64 78 1
64 79 0
64 80 1
64 81 0
64 82 1
64 83 1
64 84 1
64 85 1
64 86 0
64 87 1
64 88 0
64 89 0
64 90 0
64 91 1
64 92 1
64 93 0
64 94 0
64 95 0
64 96 0
64 97 0
64 98 0
64 99 0
64 100 0
65 0 0
65 1 1
65 2 0
65 3 0
65 4 0
65 5 1
65 6 0
65 7 1
65 8 0
65 9 1
65 10 0
65 11 0
65 12 1
65 13 1
65 14 1
65 15 0
65 16 0
65 17 0
65 18 0
65 19 0
65 20 0
65 21 0
65 22 0
65 23 0
65 24 1
65 25 1
65 26 1
65 27 0
65 28 0
65 29 0
65 30 0
65 31 0
65 32 0
65 33 1
65 34 1
65 35 0
65 36 0
65 37 1
65 38 0
65 39 1
65 40 0
65 41 0
65 42 0
65 43 0
65 44 1
65 45 1
65 46 1
65 47 1
65 48 0
65 49 0
65 50 0
65 51 0
65 52 0
65 53 1
65 54 0
65 55 0
65 56 1
65 57 1
65 58 1
65 59 0
65 60 1
65 61 1
65 62 0
65 63 1
65 64 1
65 65 0
65 66 0
65 67 1
65 68 0
65 69 0
65 70 0
65 71 1
65 72 0
65 73 0
65 74 1
65 75 0
65 76 0
65 77 0
65 78 1
65 79 1
65 80 1
65 81 0
65 82 0
65 83 0
65 84 1
65 85 0
65 86 1
65 87 0
65 88 1
65 89 1
65 90 0
65 91 0
65 92 1
65 93 0
65 94 1
65 95 0
65 96 0
65 97 0
65 98 0
65 99 0
65 100 1
66 0 1
66 1 0
66 2 0
66 3 1
66 4 0
66 5 1
66 6 0
66 7 0
66 8 1
66 9 0
66 10 1
66 11 0
66 12 0
66 13 1
66 14 0
66 15 0
66 16 0
66 17 0
66 18 1
66 19 0
66 20 1
66 21 1
66 22 0
66 23 0
66 24 0
66 25 1
66 26 0
66 27 1
66 28 0
66 29 1
66 30 0
66 31 0
66 32 1
66 33 0
66 34 1
66 35 1
66 36 0
66 37 1
66 38 1
66 39 0
66 40 0
66 41 1
66 42 0
66 43 0
66 44 0
66 45 0
66 46 0
66 47 1
66 48 0
66 49 0
66 50 0
66 51 1
66 52 1
66 53 0
66 54 1
66 55 1
66 56 0
66 57 1
66 58 0
66 59 1
66 60 1
66 61 0
66 62 0
66 63 0
66 64 1
66 65 1
66 66 1
66 67 0
66 68 0
66 69 1
66 70 1
66 71 0
66 72 0
66 73 0
66 74 0
66 75 1
66 76 1
66 77 1
66 78 1
66 79 0
66 80 0
66 81 0
66 82 0
66 83 1
66 84 1
66 85 0
66 86 0
66 87 1
66 88 1
66 89 1
66 90 0
66 91 0
66 92 1
66 93 0
66 94 0
66 95 0
66 96 0
66 97 0
66 98 1
66 99 1
66 100 0
67 0 0
67 1 0
67 2 1
67 3 1
67 4 0
67 5 1
67 6 0
67 7 1
67 8 1
67 9 0
67 10 1
67 11 1
67 12 0
67 13 0
67 14 0
67 15 0
67 16 0
67 17 0
67 18 0
67 19 1
67 20 1
67 21 0
67 22 0
67 23 1
67 24 1
67 25 0
67 26 0
67 27 1
67 28 1
67 29 1
67 30 1
67 31 0
67 32 1
67 33 1
67 34 1
67 35 0
67 36 0
67 37 0
67 38 0
67 39 0
67 40 1
67 41 1
67 42 0
67 43 0
67 44 0
67 45 0
67 46 0
67 47 0
67 48 0
67 49 1
67 50 0
67 51 0
67 52 1
67 53 0
67 54 0
67 55 0
67 56 1
67 57 0
67 58 1
67 59 0
67 60 1
67 61 0
67 62 1
67 63 0
67 64 1
67 65 1
67 66 0
67 67 1
67 68 0
67 69 0
67 70 0
67 71 0
67 72 1
67 73 0
67 74 1
67 75 1
67 76 0
67 77 0
67 78 0
67 79 1
67 80 0
67 81 0
67 82 1
67 83 0
67 84 1
67 85 1
67 86 0
67 87 1
67 88 0
67 89 0
67 90 1
67 91 0
67 92 0
67 93 0
67 94 0
67 95 0
67 96 1
67 97 1
67 98 0
67 99 0
67 100 0
68 0 0
68 1 1
68 2 1
68 3 0
68 4 0
68 5 0
68 6 0
68 7 0
68 8 0
68 9 0
68 10 0
68 11 0
68 12 0
68 13 1
68 14 1
68 15 0
68 16 0
68 17 1
68 18 1
68 19 0
68 20 0
68 21 0
68 22 1
68 23 1
68 24 0
68 25 1
68 26 0
68 27 0
68 28 0
68 29 0
68 30 1
68 31 0
68 32 1
68 33 0
68 34 1
68 35 0
68 36 0
68 37 0
68 38 0
68 39 1
68 40 1
68 41 0
68 42 1
68 43 1
68 44 0
68 45 1
68 46 0
68 47 0
68 48 1
68 49 0
68 50 1
68 51 0
68 52 0
68 53 1
68 54 0
68 55 0
68 56 0
68 57 0
68 58 0
68 59 0
68 60 0
68 61 1
68 62 1
68 63 0
68 64 0
68 65 1
68 66 1
68 67 1
68 68 1
68 69 1
68 70 0
68 71 0
68 72 1
68 73 1
68 74 0
68 75 0
68 76 1
68 77 1
68 78 0
68 79 0
68 80 0
68 81 0
68 82 0
68 83 1
68 84 0
68 85 0
68 86 1
68 87 0
68 88 0
68 89 0
68 90 0
68 91 1
68 92 1
68 93 0
68 94 1
68 95 0
68 96 0
68 97 0
68 98 0
68 99 0
68 100 0
69 0 0
69 1 0
69 2 1
69 3 0
69 4 1
69 5 0
69 6 0
69 7 1
69 8 0
69 9 0
69 10 0
69 11 0
69 12 0
69 13 1
69 14 0
69 15 1
69 16 1
69 17 0
69 18 1
69 19 0
69 20 1
69 21 1
69 22 0
69 23 0
69 24 0
69 25 1
69 26 1
69 27 0
69 28 1
69 29 0
69 30 0
69 31 0
69 32 0
69 33 0
69 34 0
69 35 0
69 36 1
69 37 0
69 38 0
69 39 0
69 40 0
69 41 1
69 42 0
69 43 0
69 44 1
69 45 0
69 46 0
69 47 1
69 48 1
69 49 0
69 50 1
69 51 0
69 52 0
69 53 0
69 54 0
69 55 0
69 56 0
69 57 0
69 58 0
69 59 1
69 60 0
69 61 1
69 62 0
69 63 1
69 64 1
69 65 0
69 66 0
69 67 1
69 68 1
69 69 0
69 70 0
69 71 1
69 72 0
69 73 0
69 74 0
69 75 1
69 76 0
69 77 0
69 78 0
69 79 0
69 80 0
69 81 1
69 82 0
69 83 0
69 84 0
69 85 0
69 86 0
69 87 1
69 88 0
69 89 0
69 90 1
69 91 0
69 92 1
69 93 1
69 94 0
69 95 0
69 96 0
69 97 1
69 98 0
69 99 1
69 100 0
70 0 1
70 1 1
70 2 1
70 3 0
70 4 0
70 5 1
70 6 0
70 7 0
70 8 0
70 9 1
70 10 1
70 11 0
70 12 0
70 13 0
70 14 0
70 15 1
70 16 0
70 17 0
70 18 0
70 19 1
70 20 0
70 21 0
70 22 1
70 23 0
70 24 1
70 25 0
70 26 0
70 27 0
70 28 0
70 29 0
70 30 0
70 31 1
70 32 1
70 33 0
70 34 1
70 35 1
70 36 0
70 37 0
70 38 0
70 39 1
70 40 0
70 41 0
70 42 1
70 43 1
70 44 1
70 45 1
70 46 1
70 47 1
70 48 1
70 49 0
70 50 1
70 51 0
70 52 1
70 53 1
70 54 0
70 55 0
70 56 0
70 57 1
70 58 1
70 59 0
70 60 0
70 61 0
70 62 1
70 63 0
70 64 1
70 65 0
70 66 0
70 67 0
70 68 1
70 69 0
70 70 0
70 71 0
70 72 0
70 73 0
70 74 0
70 75 1
70 76 0
70 77 0
70 78 1
70 79 1
70 80 0
70 81 0
70 82 1
70 83 0
70 84 0
70 85 1
70 86 0
70 87 1
70 88 0
70 89 0
70 90 1
70 91 0
70 92 0
70 93 0
70 94 1
70 95 1
70 96 0
70 97 0
70 98 0
70 99 0
70 100 0
71 0 1
71 1 1
71 2 0
71 3 0
71 4 1
71 5 1
71 6 0
71 7 1
71 8 0
71 9 1
71 10 0
71 11 1
71 12 1
71 13 1
71 14 0
71 15 1
71 16 0
71 17 0
71 18 0
71 19 1
71 20 1
71 21 1
71 22 1
71 23 1
71 24 0
71 25 1
71 26 0
71 27 0
71 28 0
71 29 1
71 30 1
71 31 0
71 32 0
71 33 1
71 34 1
71 35 1
71 36 1
71 37 0
71 38 0
71 39 1
71 40 0
71 41 0
71 42 0
71 43 0
71 44 1
71 45 0
71 46 0
71 47 0
71 48 1
71 49 0
71 50 1
71 51 0
71 52 0
71 53 0
71 54 1
71 55 1
71 56 0
71 57 1
71 58 0
71 59 0
71 60 0
71 61 0
71 62 1
71 63 1
71 64 0
71 65 1
71 66 1
71 67 1
71 68 0
71 69 0
71 70 0
71 71 0
71 72 0
71 73 1
71 74 0
71 75 0
71 76 0
71 77 1
71 78 0
71 79 0
71 80 1
71 81 0
71 82 0
71 83 0
71 84 0
71 85 0
71 86 1
71 87 1
71 88 1
71 89 1
71 90 1
71 91 0
71 92 0
71 93 0
71 94 0
71 95 1
71 96 0
71 97 0
71 98 0
71 99 1
71 100 0
72 0 1
72 1 0
72 2 0
72 3 1
72 4 0
72 5 0
72 6 1
72 7 0
72 8 0
72 9 1
72 10 1
72 11 1
72 12 0
72 13 0
72 14 0
72 15 0
72 16 0
72 17 0
72 18 1
72 19 0
72 20 1
72 21 0
72 22 0
72 23 1
72 24 0
72 25 0
72 26 1
72 27 0
72 28 0
72 29 0
72 30 0
72 31 1
72 32 0
72 33 1
72 34 0
72 35 0
72 36 0
72 37 1
72 38 0
72 39 1
72 40 0
72 41 0
72 42 1
72 43 0
72 44 0
72 45 1
72 46 0
72 47 0
72 48 1
72 49 0
72 50 1
72 51 0
72 52 1
72 53 1
72 54 0
72 55 0
72 56 0
72 57 0
72 58 0
72 59 0
72 60 1
72 61 1
72 62 1
72 63 0
72 64 1
72 65 1
72 66 0
72 67 1
72 68 0
72 69 1
72 70 1
72 71 1
72 72 0
72 73 0
72 74 0
72 75 1
72 76 1
72 77 0
72 78 1
72 79 0
72 80 0
72 81 1
72 82 0
72 83 0
72 84 1
72 85 1
72 86 1
72 87 0
72 88 1
72 89 0
72 90 0
72 91 0
72 92 1
72 93 0
72 94 0
72 95 0
72 96 0
72 97 1
72 98 0
72 99 0
72 100 0
73 0 1
73 1 0
73 2 0
73 3 0
73 4 0
73 5 1
73 6 0
73 7 1
73 8 0
73 9 0
73 10 0
73 11 0
73 12 0
73 13 1
73 14 0
73 15 0
73 16 0
73 17 1
73 18 0
73 19 0
73 20 1
73 21 0
73 22 0
73 23 0
73 24 1
73 25 1
73 26 0
73 27 0
73 28 0
73 29 1
73 30 0
73 31 0
73 32 0
73 33 0
73 34 0
73 35 0
73 36 0
73 37 1
73 38 0
73 39 0
73 40 1
73 41 0
73 42 0
73 43 0
73 44 0
73 45 1
73 46 1
73 47 0
73 48 0
73 49 0
73 50 0
73 51 1
73 52 0
73 53 1
73 54 0
73 55 1
73 56 0
73 57 0
73 58 0
73 59 1
73 60 0
73 61 0
73 62 1
73 63 0
73 64 1
73 65 0
73 66 1
73 67 0
73 68 0
73 69 0
73 70 0
73 71 1
73 72 0
73 73 1
73 74 1
73 75 0
73 76 1
73 77 0
73 78 0
73 79 1
73 80 0
73 81 0
73 82 0
73 83 0
73 84 1
73 85 0
73 86 0
73 87 0
73 88 0
73 89 0
73 90 0
73 91 1
73 92 1
73 93 0
73 94 0
73 95 1
73 96 0
73 97 0
73 98 0
73 99 1
73 100 0
74 0 0
74 1 0
74 2 1
74 3 1
74 4 1
74 5 1
74 6 0
74 7 1
74 8 1
74 9 1
74 10 0
74 11 0
74 12 0
74 13 0
74 14 0
74 15 1
74 16 1
74 17 0
74 18 0
74 19 0
74 20 0
74 21 1
74 22 0
74 23 0
74 24 0
74 25 1
74 26 1
74 27 1
74 28 0
74 29 1
74 30 0
74 31 1
74 32 0
74 33 1
74 34 0
74 35 1
74 36 0
74 37 0
74 38 1
74 39 0
74 40 0
74 41 1
74 42 0
74 43 0
74 44 0
74 45 1
74 46 1
74 47 1
74 48 0
74 49 1
74 50 0
74 51 0
74 52 0
74 53 0
74 54 0
74 55 1
74 56 1
74 57 0
74 58 0
74 59 1
74 60 0
74 61 0
74 62 1
74 63 1
74 64 0
74 65 1
74 66 0
74 67 1
74 68 0
74 69 1
74 70 0
74 71 1
74 72 0
74 73 1
74 74 1
74 75 0
74 76 0
74 77 0
74 78 1
74 79 0
74 80 0
74 81 0
74 82 1
74 83 0
74 84 0
74 85 0
74 86 0
74 87 0
74 88 1
74 89 0
74 90 0
74 91 1
74 92 1
74 93 1
74 94 0
74 95 0
74 96 0
74 97 0
74 98 0
74 99 0
74 100 1
75 0 1
75 1 1
75 2 0
75 3 1
75 4 0
75 5 0
75 6 1
75 7 0
75 8 0
75 9 1
75 10 1
75 11 0
75 12 1
75 13 0
75 14 1
75 15 1
75 16 0
75 17 1
75 18 1
75 19 0
75 20 1
75 21 0
75 22 0
75 23 0
75 24 0
75 25 1
75 26 0
75 27 0
75 28 1
75 29 1
75 30 0
75 31 0
75 32 0
75 33 0
75 34 0
75 35 0
75 36 1
75 37 0
75 38 1
75 39 0
75 40 0
75 41 0
75 42 0
75 43 0
75 44 1
75 45 1
75 46 0
75 47 1
75 48 0
75 49 0
75 50 0
75 51 0
75 52 0
75 53 1
75 54 0
75 55 1
75 56 0
75 57 0
75 58 0
75 59 1
75 60 1
75 61 1
75 62 0
75 63 0
75 64 0
75 65 1
75 66 1
75 67 0
75 68 0
75 69 1
75 70 0
75 71 0
75 72 0
75 73 0
75 74 0
75 75 0
75 76 1
75 77 1
75 78 0
75 79 0
75 80 0
75 81 0
75 82 1
75 83 0
75 84 1
75 85 0
75 86 1
75 87 0
75 88 1
75 89 0
75 90 0
75 91 1
75 92 0
75 93 1
75 94 0
75 95 0
75 96 1
75 97 0
75 98 0
75 99 0
75 100 0
76 0 0
76 1 1
76 2 0
76 3 0
76 4 1
76 5 1
76 6 0
76 7 0
76 8 1
76 9 0
76 10 0
76 11 1
76 12 1
76 13 0
76 14 0
76 15 1
76 16 0
76 17 1
76 18 0
76 19 0
76 20 1
76 21 1
76 22 0
76 23 1
76 24 1
76 25 1
76 26 0
76 27 1
76 28 1
76 29 0
76 30 1
76 31 0
76 32 0
76 33 0
76 34 0
76 35 0
76 36 0
76 37 0
76 38 1
76 39 0
76 40 0
76 41 0
76 42 0
76 43 0
76 44 0
76 45 1
76 46 1
76 47 0
76 48 0
76 49 0
76 50 0
76 51 0
76 52 0
76 53 1
76 54 0
76 55 0
76 56 1
76 57 1
76 58 0
76 59 1
76 60 1
76 61 1
76 62 0
76 63 0
76 64 0
76 65 1
76 66 0
76 67 1
76 68 0
76 69 0
76 70 0
76 71 0
76 72 1
76 73 0
76 74 0
76 75 0
76 76 0
76 77 0
76 78 1
76 79 1
76 80 1
76 81 0
76 82 1
76 83 1
76 84 0
76 85 0
76 86 1
76 87 1
76 88 1
76 89 1
76 90 0
76 91 1
76 92 0
76 93 0
76 94 0
76 95 1
76 96 0
76 97 0
76 98 0
76 99 0
76 100 1
77 0 1
77 1 0
77 2 1
77 3 0
77 4 1
77 5 0
77 6 1
77 7 1
77 8 1
77 9 0
77 10 1
77 11 0
77 12 0
77 13 0
77 14 0
77 15 0
77 16 0
77 17 0
77 18 0
77 19 0
77 20 0
77 21 1
77 22 1
77 23 1
77 24 0
77 25 0
77 26 0
77 27 1
77 28 0
77 29 0
77 30 0
77 31 0
77 32 1
77 33 1
77 34 1
77 35 0
77 36 0
77 37 0
77 38 1
77 39 0
77 40 0
77 41 1
77 42 0
77 43 1
77 44 0
77 45 0
77 46 0
77 47 0
77 48 1
77 49 0
77 50 1
77 51 1
77 52 0
77 53 1
77 54 1
77 55 1
77 56 0
77 57 0
77 58 0
77 59 0
77 60 0
77 61 1
77 62 0
77 63 0
77 64 0
77 65 1
77 66 1
77 67 1
77 68 1
77 69 1
77 70 0
77 71 0
77 72 0
77 73 1
77 74 0
77 75 0
77 76 1
77 77 1
77 78 0
77 79 0
77 80 0
77 81 0
77 82 1
77 83 1
77 84 0
77 85 0
77 86 1
77 87 1
77 88 0
77 89 0
77 90 0
77 91 0
77 92 0
77 93 0
77 94 0
77 95 0
77 96 1
77 97 0
77 98 1
77 99 1
77 100 0
78 0 0
78 1 0
78 2 1
78 3 1
78 4 0
78 5 0
78 6 0
78 7 1
78 8 1
78 9 1
78 10 0
78 11 0
78 12 0
78 13 0
78 14 0
78 15 1
78 16 0
78 17 0
78 18 0
78 19 1
78 20 1
78 21 1
78 22 0
78 23 0
78 24 0
78 25 0
78 26 0
78 27 0
78 28 0
78 29 1
78 30 1
78 31 0
78 32 0
78 33 0
78 34 0
78 35 0
78 36 1
78 37 1
78 38 0
78 39 0
78 40 0
78 41 1
78 42 1
78 43 1
78 44 1
78 45 0
78 46 1
78 47 0
78 48 0
78 49 1
78 50 1
78 51 0
78 52 1
78 53 0
78 54 0
78 55 1
78 56 1
78 57 1
78 58 1
78 59 0
78 60 0
78 61 0
78 62 0
78 63 1
78 64 0
78 65 0
78 66 0
78 67 0
78 68 1
78 69 0
78 70 0
78 71 0
78 72 0
78 73 0
78 74 1
78 75 0
78 76 0
78 77 1
78 78 0
78 79 0
78 80 0
78 81 1
78 82 0
78 83 0
78 84 1
78 85 1
78 86 0
78 87 1
78 88 0
78 89 0
78 90 0
78 91 1
78 92 0
78 93 0
78 94 0
78 95 0
78 96 0
78 97 0
78 98 0
78 99 0
78 100 1
79 0 0
79 1 0
79 2 0
79 3 0
79 4 0
79 5 1
79 6 1
79 7 1
79 8 0
79 9 0
79 10 1
79 11 1
79 12 0
79 13 0
79 14 1
79 15 0
79 16 0
79 17 1
79 18 0
79 19 0
79 20 0
79 21 0
79 22 1
79 23 0
79 24 0
79 25 0
79 26 1
79 27 0
79 28 1
79 29 0
79 30 0
79 31 1
79 32 0
79 33 0
79 34 1
79 35 1
79 36 1
79 37 0
79 38 0
79 39 1
79 40 0
79 41 1
79 42 0
79 43 1
79 44 0
79 45 0
79 46 0
79 47 0
79 48 0
79 49 0
79 50 1
79 51 0
79 52 0
79 53 0
79 54 0
79 55 0
79 56 0
79 57 0
79 58 0
79 59 0
79 60 0
79 61 1
79 62 1
79 63 1
79 64 1
79 65 1
79 66 0
79 67 0
79 68 1
79 69 0
79 70 0
79 71 0
79 72 1
79 73 0
79 74 0
79 75 0
79 76 0
79 77 1
79 78 0
79 79 1
79 80 0
79 81 0
79 82 1
79 83 1
79 84 0
79 85 1
79 86 0
79 87 0
79 88 1
79 89 0
79 90 0
79 91 0
79 92 0
79 93 0
79 94 1
79 95 1
79 96 0
79 97 0
79 98 0
79 99 1
79 100 0
80 0 1
80 1 1
80 2 0
80 3 0
80 4 1
80 5 0
80 6 1
80 7 1
80 8 0
80 9 1
80 10 0
80 11 1
80 12 0
80 13 0
80 14 0
80 15 1
80 16 1
80 17 0
80 18 0
80 19 1
80 20 0
80 21 0
80 22 0
80 23 0
80 24 0
80 25 1
80 26 1
80 27 1
80 28 0
80 29 0
80 30 0
80 31 1
80 32 0
80 33 0
80 34 1
80 35 1
80 36 0
80 37 1
80 38 0
80 39 1
80 40 0
80 41 0
80 42 0
80 43 1
80 44 0
80 45 1
80 46 0
80 47 0
80 48 0
80 49 0
80 50 1
80 51 0
80 52 0
80 53 0
80 54 1
80 55 0
80 56 1
80 57 1
80 58 1
80 59 1
80 60 0
80 61 0
80 62 0
80 63 0
80 64 1
80 65 0
80 66 0
80 67 0
80 68 1
80 69 0
80 70 1
80 71 0
80 72 0
80 73 0
80 74 1
80 75 1
80 76 1
80 77 1
80 78 0
80 79 0
80 80 0
80 81 1
80 82 0
80 83 1
80 84 1
80 85 0
80 86 0
80 87 0
80 88 0
80 89 0
80 90 1
80 91 0
80 92 1
80 93 0
80 94 0
80 95 0
80 96 1
80 97 1
80 98 1
80 99 1
80 100 0
81 0 0
81 1 0
81 2 0
81 3 0
81 4 0
81 5 0
81 6 1
81 7 0
81 8 0
81 9 0
81 10 0
81 11 1
81 12 0
81 13 1
81 14 1
81 15 1
81 16 0
81 17 1
81 18 0
81 19 0
81 20 0
81 21 0
81 22 0
81 23 0
81 24 0
81 25 1
81 26 1
81 27 1
81 28 1
81 29 0
81 30 1
81 31 0
81 32 0
81 33 1
81 34 1
81 35 1
81 36 0
81 37 0
81 38 1
81 39 0
81 40 0
81 41 1
81 42 1
81 43 0
81 44 0
81 45 1
81 46 1
81 47 1
81 48 0
81 49 0
81 50 0
81 51 0
81 52 1
81 53 0
81 54 0
81 55 0
81 56 0
81 57 1
81 58 0
81 59 1
81 60 0
81 61 0
81 62 0
81 63 0
81 64 0
81 65 0
81 66 0
81 67 0
81 68 1
81 69 1
81 70 1
81 71 0
81 72 0
81 73 1
81 74 1
81 75 1
81 76 1
81 77 0
81 78 0
81 79 1
81 80 0
81 81 0
81 82 0
81 83 0
81 84 0
81 85 1
81 86 0
81 87 0
81 88 0
81 89 0
81 90 1
81 91 1
81 92 1
81 93 1
81 94 1
81 95 0
81 96 0
81 97 0
81 98 1
81 99 0
81 100 1
82 0 1
82 1 0
82 2 0
82 3 0
82 4 1
82 5 1
82 6 1
82 7 0
82 8 0
82 9 0
82 10 1
82 11 1
82 12 1
82 13 0
82 14 0
82 15 0
82 16 0
82 17 1
82 18 1
82 19 0
82 20 0
82 21 1
82 22 1
82 23 1
82 24 1
82 25 1
82 26 0
82 27 0
82 28 1
82 29 0
82 30 1
82 31 0
82 32 0
82 33 1
82 34 1
82 35 0
82 36 1
82 37 1
82 38 0
82 39 1
82 40 1
82 41 0
82 42 0
82 43 0
82 44 1
82 45 0
82 46 0
82 47 1
82 48 0
82 49 1
82 50 0
82 51 0
82 52 0
82 53 0
82 54 1
82 55 1
82 56 1
82 57 1
82 58 0
82 59 0
82 60 0
82 61 0
82 62 0
82 63 0
82 64 0
82 65 1
82 66 1
82 67 0
82 68 1
82 69 1
82 70 0
82 71 0
82 72 0
82 73 0
82 74 0
82 75 0
82 76 0
82 77 1
82 78 1
82 79 0
82 80 0
82 81 0
82 82 0
82 83 1
82 84 1
82 85 0
82 86 0
82 87 0
82 88 1
82 89 0
82 90 0
82 91 0
82 92 0
82 93 0
82 94 1
82 95 1
82 96 0
82 97 0
82 98 0
82 99 1
82 100 0
83 0 0
83 1 1
83 2 0
83 3 0
83 4 0
83 5 0
83 6 1
83 7 0
83 8 0
83 9 1
83 10 1
83 11 1
83 12 0
83 13 0
83 14 1
83 15 0
83 16 0
83 17 0
83 18 1
83 19 0
83 20 1
83 21 1
83 22 1
83 23 0
83 24 1
83 25 1
83 26 0
83 27 0
83 28 1
83 29 1
83 30 1
83 31 1
83 32 1
83 33 0
83 34 0
83 35 1
83 36 1
83 37 0
83 38 1
83 39 0
83 40 0
83 41 0
83 42 1
83 43 1
83 44 0
83 45 0
83 46 0
83 47 0
83 48 0
83 49 1
83 50 0
83 51 1
83 52 0
83 53 1
83 54 0
83 55 1
83 56 0
83 57 0
83 58 0
83 59 1
83 60 1
83 61 0
83 62 0
83 63 0
83 64 1
83 65 0
83 66 1
83 67 0
83 68 0
83 69 0
83 70 0
83 71 1
83 72 1
83 73 0
83 74 0
83 75 1
83 76 1
83 77 1
83 78 1
83 79 0
83 80 0
83 81 1
83 82 0
83 83 0
83 84 1
83 85 0
83 86 1
83 87 0
83 88 0
83 89 0
83 90 0
83 91 1
83 92 0
83 93 1
83 94 0
83 95 0
83 96 0
83 97 0
83 98 0
83 99 0
83 100 0
84 0 0
84 1 1
84 2 0
84 3 1
84 4 1
84 5 0
84 6 0
84 7 1
84 8 1
84 9 0
84 10 1
84 11 1
84 12 0
84 13 1
84 14 0
84 15 1
84 16 1
84 17 0
84 18 1
84 19 0
84 20 0
84 21 0
84 22 0
84 23 1
84 24 0
84 25 1
84 26 1
84 27 0
84 28 1
84 29 1
84 30 0
84 31 0
84 32 0
84 33 1
84 34 1
84 35 0
84 36 0
84 37 1
84 38 0
84 39 0
84 40 1
84 41 0
84 42 0
84 43 1
84 44 0
84 45 0
84 46 1
84 47 1
84 48 0
84 49 0
84 50 0
84 51 1
84 52 0
84 53 0
84 54 0
84 55 0
84 56 0
84 57 1
84 58 0
84 59 0
84 60 1
84 61 0
84 62 1
84 63 0
84 64 0
84 65 1
84 66 1
84 67 0
84 68 1
84 69 0
84 70 0
84 71 0
84 72 0
84 73 1
84 74 0
84 75 0
84 76 1
84 77 0
84 78 1
84 79 0
84 80 0
84 81 1
84 82 0
84 83 0
84 84 1
84 85 1
84 86 1
84 87 0
84 88 0
84 89 0
84 90 0
84 91 0
84 92 1
84 93 0
84 94 1
84 95 1
84 96 0
84 97 1
84 98 0
84 99 0
84 100 1
85 0 1
85 1 0
85 2 1
85 3 0
85 4 1
85 5 1
85 6 0
85 7 0
85 8 0
85 9 1
85 10 0
85 11 0
85 12 0
85 13 1
85 14 0
85 15 0
85 16 1
85 17 1
85 18 0
85 19 0
85 20 1
85 21 1
85 22 0
85 23 0
85 24 0
85 25 1
85 26 0
85 27 1
85 28 1
85 29 0
85 30 0
85 31 0
85 32 1
85 33 1
85 34 0
85 35 0
85 36 1
85 37 0
85 38 1
85 39 1
85 40 0
85 41 0
85 42 0
85 43 0
85 44 0
85 45 0
85 46 1
85 47 1
85 48 0
85 49 1
85 50 0
85 51 0
85 52 0
85 53 1
85 54 0
85 55 0
85 56 1
85 57 1
85 58 0
85 59 0
85 60 1
85 61 0
85 62 0
85 63 0
85 64 0
85 65 0
85 66 1
85 67 0
85 68 1
85 69 0
85 70 0
85 71 1
85 72 1
85 73 1
85 74 0
85 75 0
85 76 0
85 77 0
85 78 0
85 79 0
85 80 0
85 81 0
85 82 1
85 83 1
85 84 0
85 85 0
85 86 0
85 87 0
85 88 0
85 89 0
85 90 0
85 91 1
85 92 0
85 93 1
85 94 1
85 95 0
85 96 1
85 97 1
85 98 1
85 99 0
85 100 0
86 0 1
86 1 0
86 2 0
86 3 1
86 4 0
86 5 0
86 6 0
86 7 0
86 8 0
86 9 0
86 10 1
86 11 1
86 12 0
86 13 1
86 14 1
86 15 0
86 16 0
86 17 0
86 18 0
86 19 1
86 20 1
86 21 0
86 22 0
86 23 1
86 24 0
86 25 1
86 26 1
86 27 1
86 28 0
86 29 1
86 30 1
86 31 1
86 32 0
86 33 0
86 34 1
86 35 0
86 36 1
86 37 1
86 38 0
86 39 1
86 40 0
86 41 0
86 42 0
86 43 0
86 44 0
86 45 1
86 46 1
86 47 1
86 48 1
86 49 0
86 50 0
86 51 0
86 52 0
86 53 0
86 54 0
86 55 0
86 56 1
86 57 0
86 58 1
86 59 0
86 60 1
86 61 0
86 62 0
86 63 1
86 64 0
86 65 0
86 66 0
86 67 0
86 68 0
86 69 1
86 70 0
86 71 0
86 72 0
86 73 0
86 74 0
86 75 0
86 76 0
86 77 1
86 78 1
86 79 0
86 80 1
86 81 1
86 82 0
86 83 0
86 84 1
86 85 0
86 86 0
86 87 0
86 88 0
86 89 0
86 90 0
86 91 1
86 92 0
86 93 0
86 94 0
86 95 0
86 96 1
86 97 0
86 98 1
86 99 0
86 100 0
87 0 1
87 1 1
87 2 0
87 3 0
87 4 1
87 5 0
87 6 1
87 7 0
87 8 0
87 9 0
87 10 0
87 11 0
87 12 0
87 13 1
87 14 0
87 15 1
87 16 1
87 17 0
87 18 0
87 19 0
87 20 0
87 21 0
87 22 1
87 23 1
87 24 1
87 25 1
87 26 1
87 27 0
87 28 1
87 29 0
87 30 0
87 31 0
87 32 0
87 33 1
87 34 1
87 35 1
87 36 0
87 37 0
87 38 0
87 39 0
87 40 1
87 41 0
87 42 0
87 43 1
87 44 0
87 45 1
87 46 1
87 47 0
87 48 1
87 49 1
87 50 1
87 51 1
87 52 0
87 53 0
87 54 1
87 55 0
87 56 1
87 57 1
87 58 0
87 59 1
87 60 1
87 61 1
87 62 1
87 63 0
87 64 0
87 65 1
87 66 1
87 67 1
87 68 1
87 69 1
87 70 0
87 71 0
87 72 0
87 73 1
87 74 0
87 75 0
87 76 0
87 77 1
87 78 1
87 79 1
87 80 0
87 81 1
87 82 0
87 83 0
87 84 1
87 85 0
87 86 0
87 87 0
87 88 0
87 89 1
87 90 1
87 91 1
87 92 0
87 93 1
87 94 0
87 95 0
87 96 1
87 97 1
87 98 0
87 99 0
87 100 1
88 0 0
88 1 0
88 2 0
88 3 0
88 4 0
88 5 0
88 6 0
88 7 1
88 8 0
88 9 1
88 10 1
88 11 0
88 12 0
88 13 0
88 14 0
88 15 0
88 16 1
88 17 0
88 18 0
88 19 0
88 20 0
88 21 1
88 22 0
88 23 1
88 24 1
88 25 1
88 26 0
88 27 0
88 28 1
88 29 0
88 30 1
88 31 0
88 32 1
88 33 1
88 34 0
88 35 0
88 36 1
88 37 1
88 38 0
88 39 0
88 40 0
88 41 0
88 42 0
88 43 1
88 44 0
88 45 0
88 46 0
88 47 0
88 48 0
88 49 0
88 50 0
88 51 1
88 52 0
88 53 1
88 54 1
88 55 0
88 56 1
88 57 1
88 58 0
88 59 0
88 60 0
88 61 0
88 62 0
88 63 1
88 64 0
88 65 1
88 66 0
88 67 0
88 68 0
88 69 0
88 70 0
88 71 0
88 72 1
88 73 0
88 74 0
88 75 0
88 76 1
88 77 1
88 78 1
88 79 0
88 80 0
88 81 0
88 82 0
88 83 1
88 84 0
88 85 1
88 86 0
88 87 1
88 88 1
88 89 1
88 90 1
88 91 1
88 92 1
88 93 0
88 94 0
88 95 0
88 96 0
88 97 0
88 98 1
88 99 1
88 100 1
89 0 0
89 1 0
89 2 0
89 3 1
89 4 0
89 5 0
89 6 1
89 7 0
89 8 1
89 9 0
89 10 0
89 11 1
89 12 0
89 13 1
89 14 0
89 15 0
89 16 0
89 17 0
89 18 0
89 19 1
89 20 1
89 21 0
89 22 0
89 23 0
89 24 1
89 25 0
89 26 0
89 27 0
89 28 0
89 29 0
89 30 1
89 31 0
89 32 1
89 33 0
89 34 0
89 35 0
89 36 0
89 37 0
89 38 0
89 39 1
89 40 1
89 41 1
89 42 0
89 43 0
89 44 1
89 45 1
89 46 0
89 47 0
89 48 0
89 49 0
89 50 0
89 51 1
89 52 1
89 53 1
89 54 1
89 55 0
89 56 0
89 57 0
89 58 0
89 59 0
89 60 0
89 61 1
89 62 0
89 63 1
89 64 0
89 65 1
89 66 0
89 67 0
89 68 0
89 69 0
89 70 0
89 71 1
89 72 1
89 73 0
89 74 1
89 75 0
89 76 1
89 77 0
89 78 0
89 79 0
89 80 0
89 81 1
89 82 1
89 83 0
89 84 0
89 85 1
89 86 0
89 87 0
89 88 0
89 89 0
89 90 0
89 91 0
89 92 1
89 93 0
89 94 1
89 95 0
89 96 1
89 97 0
89 98 1
89 99 0
89 100 0
90 0 1
90 1 0
90 2 0
90 3 1
90 4 0
90 5 0
90 6 0
90 7 0
90 8 1
90 9 1
90 10 0
90 11 1
90 12 1
90 13 1
90 14 1
90 15 0
90 16 1
90 17 1
90 18 0
90 19 1
90 20 1
90 21 1
90 22 0
90 23 0
90 24 0
90 25 1
90 26 0
90 27 0
90 28 1
90 29 0
90 30 0
90 31 1
90 32 0
90 33 0
90 34 1
90 35 0
90 36 1
90 37 1
90 38 0
90 39 1
90 40 0
90 41 1
90 42 0
90 43 0
90 44 1
90 45 1
90 46 0
90 47 0
90 48 0
90 49 0
90 50 1
90 51 1
90 52 0
90 53 0
90 54 0
90 55 1
90 56 1
90 57 0
90 58 0
90 59 1
90 60 0
90 61 1
90 62 0
90 63 0
90 64 1
90 65 0
90 66 0
90 67 0
90 68 1
90 69 1
90 70 0
90 71 0
90 72 1
90 73 0
90 74 0
90 75 0
90 76 0
90 77 0
90 78 1
90 79 0
90 80 0
90 81 0
90 82 0
90 83 1
90 84 1
90 85 0
90 86 0
90 87 0
90 88 0
90 89 0
90 90 0
90 91 0
90 92 0
90 93 0
90 94 1
90 95 1
90 96 0
90 97 0
90 98 0
90 99 0
90 100 1
91 0 1
91 1 0
91 2 0
91 3 0
91 4 1
91 5 0
91 6 0
91 7 0
91 8 0
91 9 0
91 10 0
91 11 0
91 12 1
91 13 1
91 14 0
91 15 1
91 16 0
91 17 0
91 18 0
91 19 0
91 20 1
91 21 0
91 22 0
91 23 0
91 24 1
91 25 0
91 26 1
91 27 0
91 28 0
91 29 1
91 30 1
91 31 0
91 32 1
91 33 0
91 34 1
91 35 1
91 36 0
91 37 1
91 38 1
91 39 1
91 40 0
91 41 1
91 42 1
91 43 0
91 44 0
91 45 0
91 46 0
91 47 0
91 48 1
91 49 1
91 50 0
91 51 0
91 52 0
91 53 0
91 54 0
91 55 1
91 56 1
91 57 0
91 58 0
91 59 1
91 60 0
91 61 0
91 62 0
91 63 1
91 64 0
91 65 0
91 66 0
91 67 0
91 68 1
91 69 1
91 70 1
91 71 1
91 72 0
91 73 0
91 74 1
91 75 0
91 76 0
91 77 1
91 78 1
91 79 1
91 80 0
91 81 1
91 82 1
91 83 1
91 84 0
91 85 1
91 86 0
91 87 0
91 88 0
91 89 1
91 90 1
91 91 1
91 92 1
91 93 0
91 94 0
91 95 1
91 96 1
91 97 0
91 98 1
91 99 0
91 100 1
92 0 0
92 1 1
92 2 1
92 3 0
92 4 0
92 5 1
92 6 1
92 7 0
92 8 0
92 9 0
92 10 1
92 11 0
92 12 1
92 13 1
92 14 0
92 15 0
92 16 0
92 17 0
92 18 0
92 19 0
92 20 1
92 21 1
92 22 0
92 23 0
92 24 0
92 25 0
92 26 0
92 27 1
92 28 0
92 29 0
92 30 1
92 31 0
92 32 0
92 33 1
92 34 0
92 35 1
92 36 1
92 37 0
92 38 1
92 39 1
92 40 0
92 41 0
92 42 0
92 43 0
92 44 1
92 45 0
92 46 1
92 47 0
92 48 1
92 49 0
92 50 1
92 51 1
92 52 0
92 53 0
92 54 1
92 55 0
92 56 0
92 57 1
92 58 0
92 59 0
92 60 0
92 61 0
92 62 1
92 63 0
92 64 1
92 65 0
92 66 0
92 67 0
92 68 1
92 69 1
92 70 1
92 71 0
92 72 0
92 73 0
92 74 0
92 75 1
92 76 0
92 77 0
92 78 1
92 79 1
92 80 0
92 81 0
92 82 0
92 83 0
92 84 1
92 85 1
92 86 0
92 87 0
92 88 0
92 89 0
92 90 1
92 91 0
92 92 0
92 93 0
92 94 0
92 95 0
92 96 0
92 97 0
92 98 1
92 99 0
92 100 0
93 0 1
93 1 0
93 2 0
93 3 0
93 4 0
93 5 0
93 6 0
93 7 1
93 8 1
93 9 1
93 10 1
93 11 1
93 12 0
93 13 0
93 14 0
93 15 1
93 16 0
93 17 0
93 18 1
93 19 1
93 20 0
93 21 1
93 22 0
93 23 1
93 24 1
93 25 0
93 26 0
93 27 0
93 28 1
93 29 0
93 30 1
93 31 1
93 32 0
93 33 1
93 34 1
93 35 1
93 36 1
93 37 1
93 38 0
93 39 0
93 40 0
93 41 1
93 42 0
93 43 1
93 44 1
93 45 0
93 46 1
93 47 1
93 48 0
93 49 0
93 50 1
93 51 0
93 52 0
93 53 0
93 54 1
93 55 1
93 56 0
93 57 1
93 58 0
93 59 0
93 60 1
93 61 0
93 62 0
93 63 1
93 64 1
93 65 0
93 66 1
93 67 0
93 68 1
93 69 0
93 70 0
93 71 1
93 72 1
93 73 0
93 74 1
93 75 1
93 76 0
93 77 1
93 78 0
93 79 0
93 80 1
93 81 0
93 82 1
93 83 0
93 84 0
93 85 0
93 86 1
93 87 0
93 88 1
93 89 0
93 90 0
93 91 0
93 92 1
93 93 0
93 94 0
93 95 0
93 96 0
93 97 0
93 98 0
93 99 1
93 100 1
94 0 0
94 1 0
94 2 1
94 3 1
94 4 1
94 5 0
94 6 0
94 7 0
94 8 1
94 9 0
94 10 1
94 11 1
94 12 1
94 13 0
94 14 0
94 15 0
94 16 1
94 17 1
94 18 0
94 19 0
94 20 1
94 21 0
94 22 0
94 23 1
94 24 0
94 25 0
94 26 0
94 27 0
94 28 0
94 29 0
94 30 1
94 31 1
94 32 1
94 33 1
94 34 0
94 35 0
94 36 0
94 37 1
94 38 0
94 39 1
94 40 1
94 41 1
94 42 1
94 43 1
94 44 0
94 45 0
94 46 1
94 47 1
94 48 0
94 49 0
94 50 0
94 51 1
94 52 0
94 53 1
94 54 0
94 55 0
94 56 1
94 57 0
94 58 0
94 59 0
94 60 1
94 61 0
94 62 0
94 63 0
94 64 1
94 65 0
94 66 1
94 67 1
94 68 0
94 69 1
94 70 1
94 71 0
94 72 1
94 73 0
94 74 0
94 75 1
94 76 1
94 77 0
94 78 0
94 79 0
94 80 0
94 81 0
94 82 0
94 83 0
94 84 0
94 85 0
94 86 1
94 87 0
94 88 0
94 89 1
94 90 0
94 91 1
94 92 0
94 93 0
94 94 0
94 95 1
94 96 0
94 97 1
94 98 0
94 99 0
94 100 0
95 0 0
95 1 0
95 2 0
95 3 0
95 4 0
95 5 0
95 6 0
95 7 1
95 8 1
95 9 0
95 10 0
95 11 0
95 12 0
95 13 0
95 14 0
95 15 1
95 16 0
95 17 1
95 18 1
95 19 0
95 20 0
95 21 0
95 22 0
95 23 0
95 24 0
95 25 0
95 26 1
95 27 0
95 28 1
95 29 1
95 30 0
95 31 1
95 32 0
95 33 0
95 34 1
95 35 0
95 36 0
95 37 0
95 38 0
95 39 0
95 40 1
95 41 0
95 42 1
95 43 0
95 44 0
95 45 1
95 46 1
95 47 0
95 48 0
95 49 0
95 50 1
95 51 1
95 52 0
95 53 1
95 54 0
95 55 0
95 56 0
95 57 0
95 58 1
95 59 0
95 60 1
95 61 0
95 62 1
95 63 1
95 64 0
95 65 1
95 66 0
95 67 1
95 68 1
95 69 0
95 70 0
95 71 1
95 72 0
95 73 1
95 74 1
95 75 0
95 76 1
95 77 0
95 78 0
95 79 1
95 80 0
95 81 0
95 82 0
95 83 1
95 84 1
95 85 0
95 86 0
95 87 0
95 88 0
95 89 0
95 90 0
95 91 0
95 92 0
95 93 0
95 94 1
95 95 1
95 96 0
95 97 0
95 98 0
95 99 0
95 100 0
96 0 0
96 1 0
96 2 0
96 3 0
96 4 1
96 5 1
96 6 0
96 7 1
96 8 0
96 9 0
96 10 1
96 11 1
96 12 0
96 13 1
96 14 0
96 15 1
96 16 1
96 17 0
96 18 1
96 19 0
96 20 0
96 21 1
96 22 1
96 23 1
96 24 0
96 25 1
96 26 1
96 27 1
96 28 0
96 29 0
96 30 0
96 31 0
96 32 0
96 33 0
96 34 0
96 35 0
96 36 1
96 37 1
96 38 0
96 39 0
96 40 0
96 41 0
96 42 0
96 43 0
96 44 1
96 45 1
96 46 0
96 47 0
96 48 1
96 49 1
96 50 0
96 51 0
96 52 0
96 53 1
96 54 1
96 55 0
96 56 0
96 57 0
96 58 0
96 59 0
96 60 1
96 61 0
96 62 0
96 63 0
96 64 0
96 65 1
96 66 0
96 67 0
96 68 1
96 69 0
96 70 1
96 71 1
96 72 0
96 73 0
96 74 0
96 75 0
96 76 1
96 77 0
96 78 0
96 79 1
96 80 0
96 81 0
96 82 1
96 83 0
96 84 0
96 85 0
96 86 0
96 87 1
96 88 0
96 89 0
96 90 0
96 91 0
96 92 0
96 93 1
96 94 0
96 95 0
96 96 1
96 97 0
96 98 1
96 99 0
96 100 0
97 0 1
97 1 0
97 2 0
97 3 1
97 4 0
97 5 0
97 6 0
97 7 0
97 8 0
97 9 1
97 10 0
97 11 0
97 12 0
97 13 0
97 14 1
97 15 1
97 16 0
97 17 0
97 18 0
97 19 0
97 20 0
97 21 1
97 22 0
97 23 1
97 24 0
97 25 1
97 26 0
97 27 0
97 28 1
97 29 0
97 30 1
97 31 0
97 32 0
97 33 0
97 34 0
97 35 0
97 36 1
97 37 1
97 38 0
97 39 1
97 40 0
97 41 0
97 42 0
97 43 0
97 44 1
97 45 1
97 46 0
97 47 1
97 48 0
97 49 0
97 50 1
97 51 0
97 52 0
97 53 1
97 54 0
97 55 0
97 56 0
97 57 0
97 58 1
97 59 0
97 60 1
97 61 0
97 62 0
97 63 1
97 64 1
97 65 0
97 66 0
97 67 0
97 68 0
97 69 1
97 70 0
97 71 0
97 72 1
97 73 1
97 74 0
97 75 0
97 76 0
97 77 0
97 78 1
97 79 1
97 80 0
97 81 1
97 82 0
97 83 1
97 84 1
97 85 1
97 86 1
97 87 0
97 88 1
97 89 1
97 90 0
97 91 1
97 92 0
97 93 0
97 94 1
97 95 0
97 96 1
97 97 0
97 98 1
97 99 0
97 100 0
98 0 1
98 1 1
98 2 1
98 3 0
98 4 1
98 5 0
98 6 0
98 7 1
98 8 1
98 9 1
98 10 0
98 11 0
98 12 1
98 13 0
98 14 1
98 15 1
98 16 1
98 17 1
98 18 0
98 19 1
98 20 0
98 21 0
98 22 0
98 23 1
98 24 1
98 25 1
98 26 0
98 27 0
98 28 0
98 29 0
98 30 0
98 31 0
98 32 0
98 33 1
98 34 1
98 35 1
98 36 1
98 37 1
98 38 0
98 39 1
98 40 0
98 41 0
98 42 1
98 43 1
98 44 0
98 45 0
98 46 0
98 47 1
98 48 1
98 49 1
98 50 0
98 51 0
98 52 0
98 53 0
98 54 0
98 55 0
98 56 1
98 57 0
98 58 1
98 59 1
98 60 0
98 61 0
98 62 0
98 63 1
98 64 1
98 65 0
98 66 0
98 67 1
98 68 0
98 69 0
98 70 0
98 71 1
98 72 0
98 73 0
98 74 0
98 75 0
98 76 0
98 77 1
98 78 1
98 79 1
98 80 0
98 81 0
98 82 0
98 83 1
98 84 0
98 85 0
98 86 0
98 87 0
98 88 0
98 89 1
98 90 0
98 91 0
98 92 0
98 93 1
98 94 0
98 95 0
98 96 0
98 97 0
98 98 1
98 99 1
98 100 0
99 0 1
99 1 0
99 2 0
99 3 1
99 4 1
99 5 0
99 6 0
99 7 0
99 8 1
99 9 1
99 10 1
99 11 0
99 12 1
99 13 1
99 14 1
99 15 0
99 16 1
99 17 0
99 18 0
99 19 0
99 20 0
99 21 1
99 22 1
99 23 0
99 24 1
99 25 1
99 26 0
99 27 0
99 28 1
99 29 1
99 30 1
99 31 1
99 32 1
99 33 1
99 34 0
99 35 0
99 36 0
99 37 0
99 38 0
99 39 0
99 40 0
99 41 0
99 42 0
99 43 1
99 44 1
99 45 0
99 46 0
99 47 0
99 48 1
99 49 0
99 50 0
99 51 1
99 52 1
99 53 1
99 54 1
99 55 0
99 56 0
99 57 1
99 58 0
99 59 1
99 60 1
99 61 0
99 62 0
99 63 1
99 64 1
99 65 1
99 66 0
99 67 0
99 68 0
99 69 1
99 70 0
99 71 0
99 72 0
99 73 0
99 74 1
99 75 0
99 76 1
99 77 1
99 78 1
99 79 0
99 80 1
99 81 0
99 82 0
99 83 1
99 84 0
99 85 0
99 86 0
99 87 1
99 88 0
99 89 0
99 90 1
99 91 0
99 92 0
99 93 1
99 94 0
99 95 0
99 96 1
99 97 0
99 98 1
99 99 0
99 100 0
100 0 0
100 1 0
100 2 0
100 3 0
100 4 0
100 5 0
100 6 0
100 7 0
100 8 0
100 9 1
100 10 0
100 11 0
100 12 1
100 13 0
100 14 0
100 15 1
100 16 0
100 17 0
100 18 1
100 19 1
100 20 1
100 21 0
100 22 0
100 23 1
100 24 0
100 25 0
100 26 1
100 27 0
100 28 0
100 29 0
100 30 1
100 31 1
100 32 1
100 33 0
100 34 0
100 35 0
100 36 0
100 37 0
100 38 0
100 39 1
100 40 1
100 41 1
100 42 0
100 43 1
100 44 0
100 45 0
100 46 0
100 47 1
100 48 1
100 49 1
100 50 0
100 51 1
100 52 1
100 53 1
100 54 0
100 55 1
100 56 0
100 57 0
100 58 0
100 59 0
100 60 1
100 61 1
100 62 0
100 63 1
100 64 0
100 65 0
100 66 1
100 67 0
100 68 1
100 69 0
100 70 1
100 71 1
100 72 0
100 73 1
100 74 1
100 75 1
100 76 0
100 77 0
100 78 0
100 79 0
100 80 1
100 81 1
100 82 0
100 83 0
100 84 0
100 85 1
100 86 1
100 87 0
100 88 0
100 89 0
100 90 1
100 91 1
100 92 1
100 93 0
100 94 1
100 95 1
100 96 1
100 97 0
100 98 0
100 99 0
100 100 0
